cellTime,cell,time,none,global,local,blot,cross,z,x,y,size,gweight
ABa:1,ABa,1,48,-24951,-75,-75,48,29.5,546,284,80,2110417
ABal:8,ABal,8,51,-24948,-50,-49,51,39.1,573,296,70,1583570
ABala:17,ABala,17,46,-24953,-66,-62,46,34.9,631,256,62,1137711
ABalaa:28,ABalaa,28,62,-24937,-61,-48,62,34.4,651,281,57,900081
ABalaaa:45,ABalaaa,45,83,-24916,-21,-16,83,38.7,653,272,48,734536
ABalaaaa:65,ABalaaaa,65,245,-24754,133,137,245,38.0,661,267,43,494088
ABalaaaal:92,ABalaaaal,92,499,-24500,326,335,499,42.3,636,296,35,283101
ABalaaaala:125,ABalaaaala,125,690,-24309,440,483,690,38.3,643,327,30,164197
ABalaaaalp:125,ABalaaaalp,125,513,-24486,330,352,513,41.6,613,348,32,188052
ABalaaaar:92,ABalaaaar,92,601,-24398,388,420,601,33.7,662,277,38,424462
ABalaaaarl:125,ABalaaaarl,125,590,-24409,326,353,590,35.7,659,286,32,202267
ABalaaaarr:125,ABalaaaarr,125,768,-24231,445,461,768,31.1,636,259,30,171033
ABalaaap:65,ABalaaap,65,208,-24791,92,95,208,36.3,614,240,41,315399
ABalaaapa:91,ABalaaapa,91,558,-24441,365,386,558,39.7,654,250,36,337694
ABalaaapal:122,ABalaaapal,122,588,-24411,341,374,588,42.5,643,304,33,204224
ABalaaapar:122,ABalaaapar,122,768,-24231,486,522,768,40.6,665,259,30,192074
ABalaaapp:91,ABalaaapp,91,567,-24432,363,369,567,33.3,638,208,37,330465
ABalaaappl:124,ABalaaappl,124,774,-24225,499,533,774,36.0,658,236,30,187659
ABalaaappr:124,ABalaaappr,124,691,-24308,344,407,691,30.9,633,214,32,192278
ABalaap:45,ABalaap,45,95,-24904,5,4,95,32.6,583,320,48,526859
ABalaapa:66,ABalaapa,66,270,-24729,142,143,270,29.7,586,259,40,278878
ABalaapaa:96,ABalaapaa,96,734,-24265,454,486,734,23.3,620,229,37,273279
ABalaapaaa:132,ABalaapaaa,132,1120,-23879,681,696,1120,22.3,611,230,27,123725
ABalaapaap:132,ABalaapaap,132,1211,-23788,821,829,1211,16.6,574,223,30,135942
ABalaapap:96,ABalaapap,96,696,-24303,425,448,696,21.8,587,210,35,203755
ABalaapapa:130,ABalaapapa,130,1019,-23980,590,647,1019,20.2,599,199,30,161777
ABalaapapp:130,ABalaapapp,130,763,-24236,423,435,763,19.8,560,181,30,121000
ABalaapp:66,ABalaapp,66,194,-24805,83,84,194,29.0,527,252,41,249764
ABalaappa:92,ABalaappa,92,600,-24399,388,401,600,32.1,600,182,35,236556
ABalaappaa:126,ABalaappaa,126,1029,-23971,615,685,1029,29.7,613,196,30,174212
ABalaappap:126,ABalaappap,126,701,-24299,325,367,701,29.3,584,184,34,193580
ABalaappp:92,ABalaappp,92,480,-24519,269,286,480,29.5,559,175,37,239954
ABalaapppa:124,ABalaapppa,124,641,-24358,368,399,641,38.9,591,170,34,204791
ABalaapppp:124,ABalaapppp,124,619,-24380,319,353,619,35.1,561,163,32,179595
ABalap:28,ABalap,28,59,-24940,-40,-40,59,33.0,587,204,58,708615
ABalapa:45,ABalapa,45,82,-24917,-12,-12,82,31.4,608,208,49,600501
ABalapaa:65,ABalapaa,65,150,-24849,54,55,150,35.7,610,210,43,351654
ABalapaaa:90,ABalapaaa,90,252,-24747,126,134,252,47.5,615,253,36,261751
ABalapaaaa:126,ABalapaaaa,126,351,-24648,167,190,351,47.2,634,286,30,166469
ABalapaaap:126,ABalapaaap,126,258,-24741,133,135,258,51.3,611,261,30,118847
ABalapaap:90,ABalapaap,90,202,-24797,102,106,202,48.0,573,274,37,243421
ABalapaapa:122,ABalapaapa,122,258,-24741,125,128,258,50.4,605,297,30,138259
ABalapaapp:122,ABalapaapp,122,153,-24847,23,35,153,51.3,570,296,33,152355
ABalapap:65,ABalapap,65,123,-24876,32,32,123,38.9,562,192,42,302051
ABalapapa:88,ABalapapa,88,185,-24814,77,91,185,51.2,571,225,36,227035
ABalapapaa:123,ABalapapaa,123,287,-24712,87,122,287,49.9,603,215,30,144866
ABalapapap:123,ABalapapap,123,150,-24849,28,44,150,54.7,579,240,30,100956
ABalapapp:88,ABalapapp,88,167,-24832,68,75,167,51.5,522,225,38,214602
ABalapappa:120,ABalapappa,120,227,-24772,106,117,227,54.2,536,264,32,123660
ABalapappp:120,ABalapappp,120,169,-24830,54,68,169,57.8,493,253,30,93399
ABalapp:45,ABalapp,45,75,-24924,-19,-19,75,33.5,530,259,48,397354
ABalappa:64,ABalappa,64,138,-24861,42,43,138,34.0,555,207,42,322661
ABalappaa:92,ABalappaa,92,336,-24663,177,191,336,42.3,630,212,34,262117
ABalappaaa:129,ABalappaaa,129,518,-24481,209,289,518,41.3,648,245,28,174597
ABalappaap:129,ABalappaap,129,304,-24695,111,129,304,47.0,622,229,33,178105
ABalappap:92,ABalappap,92,294,-24705,130,146,294,40.5,590,192,36,261441
ABalappapa:123,ABalappapa,123,376,-24623,144,172,376,40.0,639,207,30,177436
ABalappapp:123,ABalappapp,123,320,-24679,68,114,320,40.8,611,183,32,182914
ABalappp:64,ABalappp,64,118,-24881,23,23,118,33.8,487,237,43,267993
ABalapppa:89,ABalapppa,89,244,-24755,92,98,244,38.1,546,176,37,285965
ABalapppaa:122,ABalapppaa,122,403,-24596,79,156,403,45.1,589,185,32,178357
ABalapppap:122,ABalapppap,122,350,-24649,95,113,350,43.0,551,166,31,160923
ABalapppp:89,ABalapppp,89,223,-24776,88,89,223,36.6,491,167,38,260172
ABalappppa:120,ABalappppa,120,257,-24742,50,60,257,39.8,513,159,31,156220
ABalappppp:120,ABalappppp,120,250,-24749,112,116,250,43.2,463,157,31,125171
ABalp:17,ABalp,17,60,-24939,-19,-20,60,44.0,534,317,62,838259
ABalpa:28,ABalpa,28,55,-24945,-36,-36,55,43.8,577,349,58,744750
ABalpaa:45,ABalpaa,45,57,-24942,-25,-22,57,46.0,606,337,50,659505
ABalpaaa:65,ABalpaaa,65,119,-24880,2,11,119,36.3,638,333,42,455769
ABalpaaaa:95,ABalpaaaa,95,243,-24756,91,101,243,26.0,620,328,37,357136
ABalpaaaaa:131,ABalpaaaaa,131,237,-24762,55,74,237,24.5,612,336,33,250107
ABalpaaaap:131,ABalpaaaap,131,241,-24758,54,62,241,21.7,564,359,32,202009
ABalpaaap:95,ABalpaaap,95,195,-24804,52,60,195,31.0,587,351,36,315887
ABalpaaapa:130,ABalpaaapa,130,326,-24673,138,135,326,31.0,568,341,28,176088
ABalpaaapp:130,ABalpaaapp,130,287,-24713,110,121,287,32.2,527,351,31,216494
ABalpaap:65,ABalpaap,65,78,-24921,-1,0,78,46.1,604,310,46,473710
ABalpaapa:89,ABalpaapa,89,147,-24852,30,37,147,39.8,627,326,39,418307
ABalpaapaa:118,ABalpaapaa,118,239,-24760,50,72,239,27.4,637,317,32,252159
ABalpaapap:118,ABalpaapap,118,214,-24786,34,43,214,33.5,612,338,35,307793
ABalpaapp:89,ABalpaapp,89,154,-24845,39,45,154,41.4,581,364,36,363717
ABalpaappa:123,ABalpaappa,123,219,-24780,47,67,219,37.4,600,368,30,211754
ABalpaappp:123,ABalpaappp,123,194,-24805,50,58,194,38.5,559,376,33,253363
ABalpap:45,ABalpap,45,68,-24931,-14,-14,68,45.0,519,385,50,610117
ABalpapa:65,ABalpapa,65,114,-24886,25,25,114,42.2,594,374,44,485660
ABalpapaa:92,ABalpapaa,92,212,-24787,91,97,212,35.7,596,383,38,393331
ABalpapaaa:125,ABalpapaaa,125,251,-24748,103,107,251,29.9,583,378,33,222881
ABalpapaap:125,ABalpapaap,125,326,-24673,155,163,326,28.8,539,398,31,221828
ABalpapap:92,ABalpapap,92,210,-24789,81,85,210,33.2,541,401,38,384554
ABalpapapa:126,ABalpapapa,126,262,-24737,100,110,262,30.5,508,416,33,209341
ABalpapapp:126,ABalpapapp,126,251,-24749,71,79,251,29.5,459,419,30,154036
ABalpapp:65,ABalpapp,65,106,-24894,15,15,106,41.5,520,397,45,439882
ABalpappa:88,ABalpappa,88,204,-24795,68,71,204,29.7,532,394,38,317498
ABalpappaa:119,ABalpappaa,119,282,-24717,93,98,282,25.1,546,376,31,213130
ABalpappap:119,ABalpappap,119,292,-24707,99,102,292,26.3,505,381,32,185292
ABalpappp:88,ABalpappp,88,186,-24813,59,60,186,26.9,484,394,40,306869
ABalpapppa:118,ABalpapppa,118,338,-24661,159,167,338,26.2,505,344,30,187976
ABalpapppp:118,ABalpapppp,118,232,-24767,63,68,232,25.7,457,370,36,213840
ABalpp:28,ABalpp,28,39,-24960,-37,-37,39,51.3,477,291,57,532117
ABalppa:44,ABalppa,44,54,-24945,-22,-22,54,53.9,534,316,47,436848
ABalppaa:65,ABalppaa,65,78,-24921,6,6,78,54.4,585,323,42,362116
ABalppaaa:95,ABalppaaa,95,161,-24838,81,87,161,50.4,591,355,36,284819
ABalppaaaa:129,ABalppaaaa,129,215,-24785,18,44,215,47.1,623,331,30,161706
ABalppaaap:129,ABalppaaap,129,167,-24832,19,41,167,48.8,595,355,31,163673
ABalppaap:95,ABalppaap,95,139,-24860,45,54,139,50.9,558,380,35,243573
ABalppaapa:129,ABalppaapa,129,189,-24810,58,63,189,47.0,580,381,31,186996
ABalppaapp:129,ABalppaapp,129,155,-24845,29,41,155,51.1,545,392,30,123968
ABalppap:65,ABalppap,65,76,-24923,1,0,76,49.7,539,332,44,355246
ABalppapa:89,ABalppapa,89,158,-24841,39,45,158,42.4,543,391,37,321142
ABalppapaa:121,ABalppapaa,121,160,-24839,21,28,160,43.5,575,395,30,165377
ABalppapap:121,ABalppapap,121,205,-24794,64,79,205,39.7,537,406,31,190399
ABalppapp:89,ABalppapp,89,149,-24850,29,35,149,39.6,494,395,38,314565
ABalppappa:120,ABalppappa,120,170,-24829,9,28,170,39.0,512,402,33,210763
ABalppappp:120,ABalppappp,120,202,-24797,38,46,202,37.6,468,400,33,189882
ABalppp:44,ABalppp,44,47,-24952,-17,-17,47,49.5,455,330,50,490623
ABalpppa:63,ABalpppa,63,84,-24915,8,8,84,45.8,530,303,42,295775
ABalpppaa:90,ABalpppaa,90,152,-24847,62,67,152,51.6,563,309,35,240114
ABalpppaaa:123,ABalpppaaa,123,196,-24803,89,98,196,53.3,574,341,29,133023
ABalpppaap:123,ABalpppaap,123,264,-24735,158,170,264,54.0,544,313,30,126983
ABalpppap:90,ABalpppap,90,138,-24861,42,47,138,53.3,515,292,38,235464
ABalpppapa:120,ABalpppapa,120,206,-24793,75,86,206,60.0,527,319,31,132656
ABalpppapp:120,ABalpppapp,120,178,-24821,46,56,178,60.6,489,334,32,130809
ABalpppp:63,ABalpppp,63,73,-24926,-1,-1,73,46.8,469,316,44,311434
ABalppppa:86,ABalppppa,86,121,-24878,35,38,121,53.3,518,330,36,232924
ABalppppaa:118,ABalppppaa,118,123,-23406,30,32,123,52.3,544,350,28,129261
ABalppppap:118,ABalppppap,118,183,-24816,75,86,183,54.8,513,338,31,148507
ABalppppp:86,ABalppppp,86,104,-24895,20,24,104,54.2,464,327,39,255875
ABalpppppa:116,ABalpppppa,116,149,-24850,44,52,149,55.5,485,355,30,140893
ABalpppppp:116,ABalpppppp,116,100,-23583,-3,8,100,55.8,443,362,34,167884
ABar:8,ABar,8,72,-24927,-60,-60,72,14.6,520,240,75,1368086
ABara:17,ABara,17,84,-24915,-40,-40,84,15.0,511,313,65,717489
ABaraa:28,ABaraa,28,76,-24923,-55,-55,76,17.3,574,300,59,680443
ABaraaa:44,ABaraaa,44,96,-24903,-24,-24,96,20.0,605,273,52,596821
ABaraaaa:64,ABaraaaa,64,179,-24820,66,67,179,27.6,637,294,42,395040
ABaraaaaa:90,ABaraaaaa,90,433,-24566,228,258,433,27.4,645,278,38,391912
ABaraaaaaa:124,ABaraaaaaa,124,564,-24435,299,314,564,26.6,643,289,30,186015
ABaraaaaap:124,ABaraaaaap,124,577,-24422,228,287,577,24.0,611,260,32,203523
ABaraaaap:90,ABaraaaap,90,395,-24604,204,212,395,30.1,598,285,34,256801
ABaraaaapa:129,ABaraaaapa,129,497,-24503,223,246,497,31.1,605,268,30,160973
ABaraaaapp:129,ABaraaaapp,129,422,-24577,210,208,422,35.3,572,264,28,133559
ABaraaap:64,ABaraaap,64,154,-24845,29,30,154,20.9,586,255,46,361842
ABaraaapa:87,ABaraaapa,87,306,-24693,124,128,306,20.2,603,285,39,315912
ABaraaapaa:115,ABaraaapaa,115,539,-24460,288,308,539,20.3,614,283,32,225535
ABaraaapap:115,ABaraaapap,115,381,-24618,146,159,381,21.4,571,294,36,239505
ABaraaapp:87,ABaraaapp,87,351,-24648,123,124,351,15.1,553,269,37,235268
ABaraaappa:121,ABaraaappa,121,594,-24405,269,286,594,16.7,590,259,32,199712
ABaraaappp:121,ABaraaappp,121,544,-24455,240,251,544,15.8,551,268,32,154036
ABaraap:44,ABaraap,44,76,-24923,-45,-45,76,17.5,522,320,52,425830
ABaraapa:64,ABaraapa,64,136,-24863,17,17,136,21.0,589,326,44,343469
ABaraapaa:88,ABaraapaa,88,227,-24772,89,92,227,30.5,580,328,36,245872
ABaraapaaa:120,ABaraapaaa,120,400,-24599,182,190,400,32.0,594,305,29,165475
ABaraapaap:120,ABaraapaap,120,296,-24703,116,121,296,34.1,553,306,30,149867
ABaraapap:88,ABaraapap,88,210,-24789,79,82,210,30.8,528,346,38,263907
ABaraapapa:117,ABaraapapa,117,264,-24735,111,112,264,34.4,518,307,33,147191
ABaraapapp:117,ABaraapapp,117,202,-24797,73,76,202,39.3,482,296,30,109826
ABaraapp:64,ABaraapp,64,145,-24854,17,16,145,18.1,511,341,45,286071
ABaraappa:87,ABaraappa,87,261,-24738,105,110,261,22.7,531,333,38,277269
ABaraappaa:119,ABaraappaa,119,324,-24675,126,137,324,28.6,561,276,30,157450
ABaraappap:119,ABaraappap,119,236,-24763,65,68,236,27.5,520,277,30,113817
ABaraappp:87,ABaraappp,87,216,-24783,75,77,216,23.8,474,332,38,210174
ABaraapppa:118,ABaraapppa,118,257,-24742,90,94,257,26.8,483,275,33,124629
ABaraapppp:118,ABaraapppp,118,261,-24738,141,143,261,34.0,442,266,30,102540
ABarap:28,ABarap,28,89,-24910,-51,-51,89,11.8,487,280,61,446128
ABarapa:45,ABarapa,45,99,-24900,-37,-37,99,13.4,517,231,53,446186
ABarapaa:64,ABarapaa,64,150,-24849,-15,-17,150,14.5,554,262,45,309953
ABarapaaa:89,ABarapaaa,89,271,-24728,96,99,271,18.4,570,334,36,242320
ABarapaaaa:121,ABarapaaaa,121,396,-24603,165,172,396,17.2,556,338,30,146991
ABarapaaap:121,ABarapaaap,121,385,-24614,165,170,385,18.2,526,366,30,147139
ABarapaap:89,ABarapaap,89,257,-24742,59,63,257,16.4,527,325,37,226974
ABarapaapa:119,ABarapaapa,119,308,-24691,51,61,308,17.5,543,306,30,139882
ABarapaapp:119,ABarapaapp,119,254,-24745,45,54,254,23.0,509,312,33,178168
ABarapap:64,ABarapap,64,149,-24850,-50,-53,149,12.0,489,257,45,224796
ABarapapa:86,ABarapapa,86,265,-24734,44,43,265,14.1,491,341,37,204471
ABarapapaa:116,ABarapapaa,116,381,-24618,67,74,381,14.0,516,330,32,153993
ABarapapap:116,ABarapapap,116,290,-24709,74,72,290,15.8,477,372,32,125316
ABarapapp:86,ABarapapp,86,201,-24798,0,1,201,15.7,442,338,39,196563
ABarapappa:114,ABarapappa,114,286,-24713,56,74,286,17.3,484,322,32,183457
ABarapappp:114,ABarapappp,114,205,-24795,4,8,205,17.3,443,340,34,128441
ABarapp:45,ABarapp,45,98,-24901,-44,-44,98,12.6,436,286,52,326069
ABarappa:65,ABarappa,65,160,-24839,-32,-34,160,12.1,442,279,43,181335
ABarappaa:90,ABarappaa,90,335,-24664,6,0,335,11.5,473,310,36,175225
ABarappaaa:126,ABarappaaa,126,530,-24470,126,138,530,11.6,488,318,30,134874
ABarappaap:126,ABarappaap,126,577,-24422,178,176,577,10.8,440,326,31,99202
ABarappap:90,ABarappap,90,258,-24741,7,7,258,12.8,420,295,38,158039
ABarappapa:122,ABarappapa,122,643,-24356,224,218,643,10.8,455,277,32,105754
ABarappapp:122,ABarappapp,122,332,-24668,-12,-12,332,11.3,407,300,32,94556
ABarappp:65,ABarappp,65,127,-24872,-3,-3,127,15.3,404,258,43,179855
ABarapppa:87,ABarapppa,87,249,-24750,-6,-10,249,14.4,489,260,37,158703
ABarapppaa:120,ABarapppaa,120,441,-24558,106,116,441,13.0,524,274,32,125174
ABarapppap:120,ABarapppap,120,313,-24686,18,27,313,13.6,490,270,30,100370
ABarapppp:87,ABarapppp,87,212,-24787,-27,-31,212,14.9,437,250,36,122718
ABarappppa:117,ABarappppa,117,544,-24455,106,100,544,10.7,476,231,33,126665
ABarappppp:117,ABarappppp,117,333,-24666,11,14,333,13.9,435,238,29,71222
ABarp:17,ABarp,17,63,-24936,-52,-52,63,23.4,436,182,63,826299
ABarpa:28,ABarpa,28,51,-24948,-42,-42,51,28.4,494,166,59,609550
ABarpaa:45,ABarpaa,45,58,-24941,-36,-36,58,33.5,536,152,51,560426
ABarpaaa:64,ABarpaaa,64,83,-24916,-5,-5,83,41.0,560,146,42,375950
ABarpaaaa:94,ABarpaaaa,94,776,-24223,604,613,776,50.8,563,176,35,215630
ABarpaaaaa:130,ABarpaaaaa,130,2005,-22994,1601,1592,2005,49.2,576,188,30,139000
ABarpaaaap:130,ABarpaaaap,130,1492,-23508,1060,1137,1492,58.4,546,197,34,128427
ABarpaaap:94,ABarpaaap,94,798,-24201,620,634,798,53.6,516,165,34,187220
ABarpaaapa:131,ABarpaaapa,131,1613,-23387,1129,1289,1613,54.7,529,190,29,96063
ABarpaaapp:131,ABarpaaapp,131,1977,-23022,1595,1556,1977,55.5,491,195,27,85703
ABarpaap:64,ABarpaap,64,68,-24931,-17,-17,68,37.8,503,155,46,354138
ABarpaapa:87,ABarpaapa,87,85,-24914,5,8,85,48.9,486,166,39,278581
ABarpaapaa:118,ABarpaapaa,118,130,-24869,-31,13,130,54.0,474,187,30,118600
ABarpaapap:118,ABarpaapap,118,100,-24899,20,23,100,57.0,422,189,34,126275
ABarpaapp:87,ABarpaapp,87,99,-24900,26,26,99,50.0,412,154,40,284855
ABarpaappa:119,ABarpaappa,119,132,-24867,48,50,132,54.7,385,173,32,128102
ABarpaappp:119,ABarpaappp,119,147,-24852,69,68,147,56.2,338,185,33,129485
ABarpap:45,ABarpap,45,70,-24929,-18,-19,70,29.7,455,224,51,389280
ABarpapa:64,ABarpapa,64,91,-24908,-2,-2,91,27.5,498,182,43,273137
ABarpapaa:88,ABarpapaa,88,99,-24900,-21,-9,99,43.3,548,146,37,261521
ABarpapaaa:121,ABarpapaaa,121,152,-24847,-41,-1,152,48.2,562,148,30,132819
ABarpapaap:121,ABarpapaap,121,140,-24859,11,15,140,48.5,522,144,30,119547
ABarpapap:88,ABarpapap,88,96,-24903,-8,-4,96,41.6,497,137,36,234951
ABarpapapa:122,ABarpapapa,122,98,-22978,-10,0,98,51.2,487,149,30,106672
ABarpapapp:122,ABarpapapp,122,79,-22997,8,10,79,53.0,447,160,30,105016
ABarpapp:64,ABarpapp,64,73,-24926,-15,-16,73,32.7,430,186,44,250319
ABarpappa:90,ABarpappa,90,116,-24883,12,13,116,42.0,455,127,35,238350
ABarpappaa:128,ABarpappaa,128,133,-24866,32,31,133,50.8,455,131,30,131176
ABarpappap:128,ABarpappap,128,51,-24948,-27,-28,51,49.0,411,148,32,126970
ABarpappp:90,ABarpappp,90,102,-24897,-3,0,102,38.5,409,135,39,292307
ABarpapppa:124,ABarpapppa,124,108,-24891,-33,-16,108,41.1,412,136,31,147806
ABarpapppp:124,ABarpapppp,124,131,-24868,30,35,131,40.1,371,147,33,146047
ABarpp:28,ABarpp,28,62,-24937,-34,-34,62,33.2,374,153,60,707540
ABarppa:47,ABarppa,47,62,-24937,-16,-16,62,39.6,444,156,51,512960
ABarppaa:66,ABarppaa,66,63,-24936,-7,-7,63,48.0,447,158,44,331618
ABarppaaa:95,ABarppaaa,95,83,-24275,6,9,83,58.4,409,192,35,165588
ABarppaaaa:134,ABarppaaaa,134,125,-24875,15,13,125,61.0,372,226,26,68786
ABarppaaap:134,ABarppaaap,134,62,-24938,-30,-31,62,61.0,330,238,30,86090
ABarppaap:95,ABarppaap,95,68,-24931,1,1,68,58.1,354,212,39,198389
ABarppaapa:129,ABarppaapa,129,99,-24900,22,21,99,59.8,309,212,32,87839
ABarppaapp:129,ABarppaapp,129,95,-20738,52,50,95,59.6,281,262,30,87518
ABarppap:66,ABarppap,66,65,-24934,-1,-1,65,48.5,381,187,44,316599
ABarppapa:96,ABarppapa,96,76,-24923,0,1,76,57.8,313,255,37,187818
ABarppapaa:134,ABarppapaa,134,50,-24950,-24,-25,50,60.0,304,298,30,92272
ABarppapap:134,ABarppapap,134,124,-24876,50,47,124,57.0,270,322,30,106704
ABarppapp:96,ABarppapp,96,66,-23651,-3,0,66,53.8,261,267,38,216008
ABarppp:47,ABarppp,47,62,-24938,-21,-21,62,34.6,362,175,50,416918
ABarpppa:66,ABarpppa,66,78,-24921,-3,-3,78,39.4,376,162,43,301312
ABarpppaa:94,ABarpppaa,94,107,-24198,24,23,107,45.8,373,137,36,235762
ABarpppaaa:130,ABarpppaaa,130,74,-24925,1,-1,74,50.8,370,143,30,113300
ABarpppaap:130,ABarpppaap,130,79,-24920,3,2,79,45.6,333,145,30,112682
ABarpppap:94,ABarpppap,94,92,-24907,-4,-3,92,43.6,331,140,37,253840
ABarpppapa:128,ABarpppapa,128,118,-24881,43,45,118,51.1,305,157,32,118627
ABarpppapp:128,ABarpppapp,128,117,-24882,39,41,117,43.5,264,145,30,133247
ABarpppp:66,ABarpppp,66,73,-24926,-3,-3,73,42.3,306,182,44,310483
ABarppppa:94,ABarppppa,94,105,-24894,8,9,105,40.2,290,143,38,303548
ABarppppaa:130,ABarppppaa,130,115,-24884,20,20,115,39.4,303,131,34,147996
ABarppppap:130,ABarppppap,130,163,-24836,45,46,163,34.2,252,142,32,147561
ABarppppp:94,ABarppppp,94,101,-24898,5,6,101,40.9,227,166,40,303650
ABarpppppa:133,ABarpppppa,133,211,-24789,120,119,211,38.5,226,157,30,129821
ABarpppppp:133,ABarpppppp,133,124,-24876,34,38,124,34.5,178,186,30,136423
ABp:1,ABp,1,50,-24949,-73,-73,50,27.0,392,188,82,2242191
ABpl:8,ABpl,8,48,-24951,-47,-47,48,43.5,388,182,71,1411993
ABpla:17,ABpla,17,44,-24955,-39,-39,44,42.9,488,168,65,960375
ABplaa:27,ABplaa,27,47,-24952,-36,-36,47,48.7,540,200,58,653113
ABplaaa:44,ABplaaa,44,75,-24924,-7,-7,75,46.9,600,197,52,720474
ABplaaaa:63,ABplaaaa,63,175,-24824,90,90,175,47.9,615,216,45,480901
ABplaaaaa:88,ABplaaaaa,88,351,-24648,234,242,351,55.7,583,224,38,288649
ABplaaaaaa:121,ABplaaaaaa,121,482,-24517,313,323,482,56.2,593,210,30,155086
ABplaaaaap:121,ABplaaaaap,121,367,-24632,158,196,367,59.0,544,221,32,122024
ABplaaaap:88,ABplaaaap,88,295,-24704,177,188,295,56.6,529,210,37,245918
ABplaaaapa:121,ABplaaaapa,121,422,-24577,155,209,422,58.7,512,207,31,130226
ABplaaaapp:121,ABplaaaapp,121,404,-24595,282,288,404,59.0,464,211,30,111427
ABplaaap:63,ABplaaap,63,160,-24839,79,80,160,47.4,536,204,44,376167
ABplaaapa:89,ABplaaapa,89,322,-24677,211,216,322,57.2,482,217,34,178788
ABplaaapaa:123,ABplaaapaa,123,404,-24595,244,257,404,62.8,467,252,30,103060
ABplaaapap:123,ABplaaapap,123,324,-24675,185,203,324,61.9,432,247,31,95868
ABplaaapp:89,ABplaaapp,89,277,-24722,180,182,277,55.2,435,225,38,230865
ABplaaappa:121,ABplaaappa,121,289,-24710,160,165,289,60.9,407,267,30,105312
ABplaaappp:121,ABplaaappp,121,301,-24698,199,200,301,59.4,364,265,33,121431
ABplaap:44,ABplaap,44,65,-24934,-4,-4,65,50.7,521,242,52,560461
ABplaapa:62,ABplaapa,62,141,-24858,62,62,141,53.4,555,249,44,369145
ABplaapaa:87,ABplaapaa,87,288,-24711,178,182,288,59.0,547,281,39,268000
ABplaapaaa:121,ABplaapaaa,121,397,-24602,270,271,397,59.8,573,275,32,138542
ABplaapaap:121,ABplaapaap,121,350,-24649,196,204,350,60.8,526,265,31,118391
ABplaapap:87,ABplaapap,87,252,-24747,156,158,252,59.3,485,268,38,227733
ABplaapapa:119,ABplaapapa,119,384,-24615,227,234,384,60.7,498,290,31,113124
ABplaapapp:119,ABplaapapp,119,326,-24673,212,215,326,60.3,455,292,33,123649
ABplaapp:62,ABplaapp,62,130,-24870,61,61,130,51.6,483,251,45,343133
ABplaappa:85,ABplaappa,85,284,-24715,188,189,284,59.3,444,297,37,229209
ABplaappaa:122,ABplaappaa,122,392,-24607,250,252,392,61.4,457,347,30,132590
ABplaappap:122,ABplaappap,122,276,-24723,154,161,276,59.9,410,339,32,127930
ABplaappp:85,ABplaappp,85,233,-24766,142,143,233,55.9,389,307,40,257895
ABplaapppa:116,ABplaapppa,116,333,-24666,221,226,333,57.8,383,357,33,145551
ABplaapppp:116,ABplaapppp,116,377,-24622,262,266,377,55.9,338,366,33,155630
ABplap:27,ABplap,27,44,-24955,-30,-30,44,49.7,424,195,58,580385
ABplapa:44,ABplapa,44,57,-23626,-6,-6,57,51.4,481,177,51,543951
ABplapaa:63,ABplapaa,63,99,-24900,22,22,99,54.9,496,187,44,341588
ABplapaaa:89,ABplapaaa,89,149,-24851,54,61,149,58.7,425,249,36,193661
ABplapaaaa:121,ABplapaaaa,121,184,-24815,91,98,184,55.7,418,299,31,110727
ABplapaaap:121,ABplapaaap,121,178,-24821,78,90,178,56.5,379,304,30,114272
ABplapaap:89,ABplapaap,89,180,-24819,97,97,180,58.7,372,265,36,198630
ABplapaapa:124,ABplapaapa,124,205,-24794,113,121,205,58.0,351,316,29,104472
ABplapaapp:124,ABplapaapp,124,158,-24841,69,75,158,59.0,316,312,32,114321
ABplapap:63,ABplapap,63,82,-24917,15,15,82,55.0,430,188,45,330058
ABplapapa:86,ABplapapa,86,138,-24861,55,55,138,58.6,324,274,39,236036
ABplapapaa:119,ABplapapaa,119,202,-24797,110,115,202,55.2,228,325,33,153381
ABplapapap:119,ABplapapap,119,233,-24766,118,131,233,50.5,192,326,33,186802
ABplapapp:86,ABplapapp,86,142,-24857,51,53,142,56.6,254,299,40,282161
ABplapappa:118,ABplapappa,118,236,-24763,119,133,236,46.7,167,333,34,216543
ABplapappp:118,ABplapappp,118,253,-24746,107,111,253,39.7,150,343,32,230673
ABplapp:44,ABplapp,44,57,-24942,-5,-6,57,50.3,411,246,50,481140
ABplappa:63,ABplappa,63,83,-24916,16,16,83,56.2,410,259,45,325071
ABplappaa:88,ABplappaa,88,166,-24833,75,81,166,56.5,339,345,38,265298
ABplappaaa:122,ABplappaaa,122,215,-24784,103,112,215,53.3,300,377,32,153144
ABplappaap:122,ABplappaap,122,245,-24754,127,131,245,49.1,265,385,32,176754
ABplappap:88,ABplappap,88,178,-24821,85,90,178,55.7,288,342,38,274216
ABplappapa:121,ABplappapa,121,178,-24821,86,89,178,55.7,259,350,32,143257
ABplappapp:121,ABplappapp,121,260,-24739,136,137,260,48.6,216,366,32,174363
ABplappp:63,ABplappp,63,107,-24892,41,41,107,51.4,337,284,42,300913
ABplapppa:91,ABplapppa,91,281,-24718,160,168,281,48.2,258,363,35,266974
ABplapppaa:129,ABplapppaa,129,377,-24622,215,233,377,44.3,248,407,29,153306
ABplapppap:129,ABplapppap,129,319,-24680,160,185,319,40.6,204,394,32,171233
ABplapppp:91,ABplapppp,91,271,-24728,163,166,271,47.6,215,359,36,289839
ABplappppa:127,ABplappppa,127,299,-24700,147,168,299,39.8,183,380,31,180208
ABplappppp:127,ABplappppp,127,353,-24646,188,205,353,33.2,162,366,33,221788
ABplp:17,ABplp,17,49,-24950,-32,-32,49,46.8,356,259,63,798904
ABplpa:28,ABplpa,28,49,-24950,-33,-33,49,51.2,382,340,57,575284
ABplpaa:45,ABplpaa,45,60,-24939,-20,-21,60,56.0,391,330,48,414573
ABplpaaa:65,ABplpaaa,65,98,-24901,15,15,98,56.8,493,352,44,315888
ABplpaaaa:88,ABplpaaaa,88,267,-24732,160,165,267,50.6,513,396,37,275381
ABplpaaaaa:119,ABplpaaaaa,119,321,-24678,167,182,321,46.8,532,392,32,187863
ABplpaaaap:119,ABplpaaaap,119,389,-24610,214,225,389,44.8,493,394,31,172701
ABplpaaap:88,ABplpaaap,88,246,-24753,141,147,246,51.0,464,396,36,238592
ABplpaaapa:120,ABplpaaapa,120,323,-24676,158,173,323,46.8,482,425,29,140143
ABplpaaapp:120,ABplpaaapp,120,329,-24670,149,169,329,46.8,447,413,31,168658
ABplpaap:65,ABplpaap,65,111,-24888,38,39,111,54.3,431,327,43,299783
ABplpaapa:88,ABplpaapa,88,218,-24781,107,113,218,57.1,478,367,37,241462
ABplpaapaa:120,ABplpaapaa,120,253,-24746,111,122,253,53.4,514,388,31,143825
ABplpaapap:120,ABplpaapap,120,333,-24667,185,192,333,52.9,477,397,30,128628
ABplpaapp:88,ABplpaapp,88,172,-24827,80,87,172,55.1,417,372,39,259742
ABplpaappa:119,ABplpaappa,119,244,-24755,87,99,244,53.0,436,401,32,154211
ABplpaappp:119,ABplpaappp,119,279,-24720,137,152,279,51.9,395,404,34,171047
ABplpap:45,ABplpap,45,57,-24942,-13,-13,57,51.0,315,345,51,504975
ABplpapa:64,ABplpapa,64,99,-24900,28,28,99,51.8,417,378,43,330215
ABplpapaa:88,ABplpapaa,88,290,-24709,156,161,290,39.2,455,417,36,266875
ABplpapaaa:126,ABplpapaaa,126,344,-24655,160,163,344,33.3,437,405,30,165607
ABplpapaap:126,ABplpapaap,126,379,-24620,160,175,379,35.2,398,407,30,152496
ABplpapap:88,ABplpapap,88,291,-24708,147,157,291,40.7,414,419,37,306387
ABplpapapa:121,ABplpapapa,121,358,-24641,171,181,358,31.3,394,426,32,164726
ABplpapapp:121,ABplpapapp,121,343,-24656,153,163,343,28.2,354,420,32,157249
ABplpapp:64,ABplpapp,64,106,-24893,27,26,106,49.0,347,383,45,376794
ABplpappa:87,ABplpappa,87,245,-24754,102,105,245,35.9,390,422,39,315902
ABplpappaa:116,ABplpappaa,116,285,-24714,117,121,285,25.4,425,407,36,178941
ABplpappap:116,ABplpappap,116,351,-24648,165,177,351,22.4,366,392,29,117736
ABplpappp:87,ABplpappp,87,320,-24679,175,183,320,31.9,330,414,38,304520
ABplpapppa:123,ABplpapppa,123,334,-24665,130,139,334,21.6,335,398,33,142242
ABplpapppp:123,ABplpapppp,123,405,-24594,191,209,405,20.7,288,393,34,162675
ABplpp:28,ABplpp,28,47,-24952,-36,-36,47,51.0,289,288,57,562898
ABplppa:45,ABplppa,45,52,-24947,-27,-28,52,57.0,328,255,49,404381
ABplppaa:65,ABplppaa,65,93,-24906,10,10,93,57.4,400,323,42,280456
ABplppaaa:91,ABplppaaa,91,309,-24690,172,182,309,48.1,416,404,36,259561
ABplppaaaa:129,ABplppaaaa,129,384,-24615,194,211,384,42.5,442,410,32,179584
ABplppaaap:129,ABplppaaap,129,433,-24566,234,266,433,45.0,409,426,30,164204
ABplppaap:91,ABplppaap,91,301,-24698,160,171,301,44.8,374,406,36,264763
ABplppaapa:125,ABplppaapa,125,351,-24648,152,171,351,37.4,366,426,30,158452
ABplppaapp:125,ABplppaapp,125,438,-24561,214,236,438,35.6,327,425,30,175258
ABplppap:65,ABplppap,65,116,-24883,41,42,116,52.6,353,322,42,271474
ABplppapa:89,ABplppapa,89,255,-24744,145,151,255,49.5,362,377,36,226904
ABplppapaa:121,ABplppapaa,121,361,-24639,188,200,361,45.4,375,416,30,147257
ABplppapap:121,ABplppapap,121,361,-24638,182,199,361,45.0,338,418,30,145639
ABplppapp:89,ABplppapp,89,255,-24744,135,148,255,48.5,309,373,36,247180
ABplppappa:123,ABplppappa,123,363,-24636,160,181,363,44.2,307,412,31,155580
ABplppappp:123,ABplppappp,123,372,-24627,152,188,372,41.7,270,410,32,187662
ABplppp:45,ABplppp,45,39,-24960,-35,-36,39,53.0,250,300,50,508568
ABplpppa:64,ABplpppa,64,123,-24876,41,40,123,53.9,303,344,43,311862
ABplpppaa:88,ABplpppaa,88,326,-24673,188,195,326,45.5,315,407,37,306000
ABplpppaaa:120,ABplpppaaa,120,469,-24530,246,270,469,36.9,298,417,33,200209
ABplpppaap:120,ABplpppaap,120,436,-24564,239,251,436,35.8,254,412,31,165620
ABplpppap:88,ABplpppap,88,324,-24675,197,201,324,44.8,260,391,37,302795
ABplpppapa:120,ABplpppapa,120,393,-24606,212,219,393,31.8,216,394,34,194611
ABplpppapp:120,ABplpppapp,120,545,-24454,352,363,545,26.7,189,367,30,168810
ABplpppp:64,ABplpppp,64,132,-24867,49,48,132,48.4,259,363,44,377100
ABplppppa:87,ABplppppa,87,320,-24679,171,181,320,38.8,301,409,38,316686
ABplppppaa:116,ABplppppaa,116,460,-24539,235,257,460,30.9,319,415,31,162653
ABplppppap:116,ABplppppap,116,407,-24592,176,195,407,29.6,284,401,34,200480
ABplppppp:87,ABplppppp,87,331,-24668,192,197,331,31.5,257,403,38,304157
ABplpppppa:119,ABplpppppa,119,387,-24612,165,179,387,24.3,259,380,33,159927
ABplpppppp:119,ABplpppppp,119,433,-24566,222,232,433,22.5,223,364,32,143252
ABpr:8,ABpr,8,66,-24933,-56,-56,66,15.2,314,252,73,1153724
ABpra:17,ABpra,17,64,-24935,-55,-55,64,19.5,233,313,63,756969
ABpraa:28,ABpraa,28,100,-24899,-39,-39,100,11.0,265,285,59,418463
ABpraaa:44,ABpraaa,44,98,-24901,-43,-43,98,13.2,288,202,52,386861
ABpraaaa:64,ABpraaaa,64,130,-24869,-31,-33,130,14.6,334,185,44,215578
ABpraaaaa:88,ABpraaaaa,88,302,-24697,26,24,302,14.0,458,205,37,153667
ABpraaaaaa:119,ABpraaaaaa,119,402,-24597,75,80,402,13.9,519,222,32,126446
ABpraaaaap:119,ABpraaaaap,119,347,-24652,88,125,347,15.8,478,227,33,162219
ABpraaaap:88,ABpraaaap,88,304,-24695,27,25,304,13.1,403,204,37,135099
ABpraaaapa:120,ABpraaaapa,120,388,-24611,134,143,388,17.1,447,202,31,121232
ABpraaaapp:120,ABpraaaapp,120,486,-24513,120,116,486,13.9,421,194,34,116549
ABpraaap:64,ABpraaap,64,152,-24847,41,42,152,21.8,282,183,43,252168
ABpraaapa:88,ABpraaapa,88,286,-24713,65,68,286,16.2,426,169,38,190872
ABpraaapaa:122,ABpraaapaa,122,431,-24568,150,163,431,16.0,507,189,31,111223
ABpraaapap:122,ABpraaapap,122,291,-24708,36,41,291,17.3,463,163,33,114914
ABpraaapp:88,ABpraaapp,88,228,-24771,47,49,228,17.7,363,187,38,157705
ABpraaappa:120,ABpraaappa,120,335,-24664,128,131,335,19.1,426,153,31,104069
ABpraaappp:120,ABpraaappp,120,265,-24734,51,66,265,17.8,383,166,32,103853
ABpraap:44,ABpraap,44,110,-24889,-17,-17,110,15.7,200,260,52,489540
ABpraapa:64,ABpraapa,64,174,-24825,-14,-18,174,13.4,278,224,45,232308
ABpraapaa:91,ABpraapaa,91,309,-24690,44,37,309,12.9,390,259,37,163122
ABpraapaaa:126,ABpraapaaa,126,298,-24701,58,54,298,14.4,420,264,30,99000
ABpraapaap:126,ABpraapaap,126,246,-24753,45,53,246,16.2,378,271,32,93954
ABpraapap:91,ABpraapap,91,331,-24668,64,66,331,13.1,349,277,38,162545
ABpraapapa:123,ABpraapapa,123,482,-24517,118,111,482,11.3,366,292,32,96644
ABpraapapp:123,ABpraapapp,123,670,-24329,237,235,670,11.2,326,317,32,118489
ABpraapp:64,ABpraapp,64,166,-24833,12,11,166,16.2,196,253,46,302849
ABpraappa:87,ABpraappa,87,325,-24674,40,36,325,12.3,333,299,39,189907
ABpraappaa:120,ABpraappaa,120,293,-24706,43,46,293,15.5,402,325,33,118709
ABpraappap:120,ABpraappap,120,320,-24679,20,24,320,15.2,362,342,32,117756
ABpraappp:87,ABpraappp,87,315,-24684,70,68,315,13.6,266,298,41,195845
ABpraapppa:120,ABpraapppa,120,453,-24546,119,115,453,13.6,320,353,36,156008
ABpraapppp:120,ABpraapppp,120,403,-24596,127,125,403,15.3,267,357,34,146697
ABprap:28,ABprap,28,75,-24925,-41,-41,75,21.4,190,220,56,614232
ABprapa:46,ABprapa,46,106,-24893,-17,-17,106,25.9,157,176,48,570636
ABprapaa:66,ABprapaa,66,125,-24874,10,11,125,20.8,217,174,42,253063
ABprapaaa:91,ABprapaaa,91,314,-24685,37,34,314,13.0,351,208,37,131724
ABprapaaaa:127,ABprapaaaa,127,439,-24560,56,64,439,11.5,400,222,30,66756
ABprapaaap:127,ABprapaaap,127,471,-24528,83,78,471,13.2,378,187,34,106595
ABprapaap:91,ABprapaap,91,303,-24696,25,23,303,12.8,320,228,35,106311
ABprapap:66,ABprapap,66,155,-24844,40,40,155,28.2,186,218,42,273292
ABprapapa:90,ABprapapa,90,202,-24797,23,26,202,17.1,279,210,39,136900
ABprapapaa:124,ABprapapaa,124,430,-24569,76,88,430,13.3,348,199,31,58260
ABprapapap:124,ABprapapap,124,400,-24599,58,59,400,12.3,310,228,31,62611
ABprapapp:90,ABprapapp,90,203,-24796,73,79,203,26.1,195,209,38,196641
ABprapp:46,ABprapp,46,99,-24900,-13,-14,99,26.3,120,250,49,624242
ABprappa:65,ABprappa,65,148,-24851,19,20,148,24.0,135,210,42,331022
ABprappaa:89,ABprappaa,89,248,-24751,69,73,248,18.2,223,210,37,153469
ABprappaaa:128,ABprappaaa,128,420,-24580,64,52,420,12.4,286,218,31,66822
ABprappaap:128,ABprappaap,128,287,-24712,-20,-16,287,13.8,249,236,28,67045
ABprappap:89,ABprappap,89,241,-24758,66,67,241,19.2,169,252,38,205023
ABprappapa:121,ABprappapa,121,347,-22867,48,50,347,12.4,275,257,31,62198
ABprappapp:121,ABprappapp,121,373,-24626,161,162,373,17.4,184,303,30,113452
ABprappp:65,ABprappp,65,160,-24839,46,46,160,26.8,120,271,43,387467
ABprapppa:89,ABprapppa,89,247,-24752,26,26,247,16.0,217,272,38,155694
ABprapppaa:120,ABprapppaa,120,292,-24707,-4,2,292,13.2,295,288,31,74741
ABprapppap:120,ABprapppap,120,316,-24683,18,17,316,13.7,254,298,32,87058
ABprapppp:89,ABprapppp,89,223,-24776,54,54,223,17.7,200,320,37,179199
ABprappppa:123,ABprappppa,123,261,-24738,39,50,261,16.9,242,336,30,86468
ABprappppp:123,ABprappppp,123,305,-24694,111,119,305,20.0,197,336,30,104717
ABprp:17,ABprp,17,82,-24917,-47,-47,82,11.4,353,277,66,586570
ABprpa:28,ABprpa,28,92,-24908,-48,-48,92,11.8,411,201,60,426356
ABprpaa:44,ABprpaa,44,88,-24911,-25,-25,88,19.4,446,160,52,423167
ABprpaaa:64,ABprpaaa,64,163,-24836,22,22,163,17.2,485,182,43,239194
ABprpaaaa:90,ABprpaaaa,90,401,-24598,165,170,401,16.7,545,196,37,209585
ABprpaaaaa:123,ABprpaaaaa,123,668,-24331,346,376,668,25.9,563,169,30,135855
ABprpaaaap:123,ABprpaaaap,123,529,-24470,264,290,529,25.3,533,142,30,113048
ABprpaaap:90,ABprpaaap,90,325,-24674,124,134,325,18.0,499,173,37,182813
ABprpaaapa:120,ABprpaaapa,120,494,-24505,224,246,494,20.8,521,163,34,149146
ABprpaaapp:120,ABprpaaapp,120,484,-24515,260,272,484,23.4,480,143,32,127643
ABprpaap:64,ABprpaap,64,121,-24878,16,18,121,23.9,419,159,44,244893
ABprpaapa:89,ABprpaapa,89,332,-24667,146,159,332,25.9,522,165,38,250115
ABprpaapaa:123,ABprpaapaa,123,510,-24489,220,242,510,31.3,534,172,31,158191
ABprpaapap:123,ABprpaapap,123,448,-24551,197,219,448,31.3,499,147,32,157168
ABprpaapp:89,ABprpaapp,89,240,-24759,86,89,240,23.9,458,163,40,237797
ABprpaappa:117,ABprpaappa,117,411,-24588,193,218,411,30.0,476,146,33,172484
ABprpaappp:117,ABprpaappp,117,286,-24713,88,98,286,26.5,431,152,33,126256
ABprpap:44,ABprpap,44,97,-24902,-37,-37,97,14.3,378,217,52,338824
ABprpapa:64,ABprpapa,64,143,-24856,-3,-4,143,16.6,405,178,45,230085
ABprpapaa:89,ABprpapaa,89,295,-24704,148,152,295,29.7,453,131,37,239302
ABprpapaaa:121,ABprpapaaa,121,402,-24597,204,217,402,39.0,536,135,31,158193
ABprpapaap:121,ABprpapaap,121,349,-24650,183,193,349,39.9,483,125,32,144125
ABprpapap:89,ABprpapap,89,316,-24683,172,178,316,31.1,405,132,37,269384
ABprpapapa:122,ABprpapapa,122,358,-24642,177,187,358,36.8,450,121,30,128991
ABprpapapp:122,ABprpapapp,122,320,-24679,151,156,320,35.0,410,134,32,151222
ABprpapp:64,ABprpapp,64,136,-24863,29,31,136,24.8,331,172,44,295243
ABprpappa:89,ABprpappa,89,297,-24702,140,144,297,24.2,378,140,37,235800
ABprpappaa:126,ABprpappaa,126,333,-24666,139,149,333,27.2,420,124,30,109143
ABprpappap:126,ABprpappap,126,322,-24677,126,140,322,25.2,388,137,31,103939
ABprpappp:89,ABprpappp,89,257,-24742,111,113,257,22.5,314,158,40,240319
ABprpapppa:124,ABprpapppa,124,289,-24710,107,109,289,21.7,361,152,31,91969
ABprpapppp:124,ABprpapppp,124,286,-24713,120,121,286,21.6,312,156,32,98907
ABprpp:28,ABprpp,28,60,-24939,-44,-44,60,21.1,290,177,58,506743
ABprppa:45,ABprppa,45,77,-24922,-20,-21,77,25.4,323,146,50,438348
ABprppaa:64,ABprppaa,64,121,-24878,11,11,121,32.3,337,125,41,328592
ABprppaaa:93,ABprppaaa,93,232,-24767,100,103,232,31.8,347,131,38,259921
ABprppaaaa:124,ABprppaaaa,124,254,-24745,128,130,254,33.3,364,143,32,125785
ABprppaaap:124,ABprppaaap,124,200,-24799,59,64,200,32.6,320,151,31,90415
ABprppaap:93,ABprppaap,93,213,-24786,88,90,213,30.6,289,140,36,232687
ABprppaapa:128,ABprppaapa,128,262,-24737,111,119,262,30.1,297,137,31,112873
ABprppaapp:128,ABprppaapp,128,276,-24723,149,150,276,26.5,257,154,32,96512
ABprppap:64,ABprppap,64,103,-24896,12,12,103,36.8,262,155,44,305072
ABprppapa:87,ABprppapa,87,149,-24850,30,31,149,31.3,237,149,38,232319
ABprppapaa:121,ABprppapaa,121,172,-24827,41,39,172,32.5,212,150,33,160676
ABprppapap:121,ABprppapap,121,192,-24807,75,86,192,29.6,172,176,32,122440
ABprppapp:87,ABprppapp,87,171,-24828,71,73,171,35.5,182,182,39,282662
ABprppappa:119,ABprppappa,119,202,-24797,78,83,202,32.3,157,196,33,138381
ABprppappp:119,ABprppappp,119,247,-24752,107,109,247,24.1,143,232,31,107618
ABprppp:45,ABprppp,45,75,-24924,-18,-18,75,27.7,233,170,51,540960
ABprpppa:64,ABprpppa,64,122,-24877,18,19,122,31.3,202,159,43,379137
ABprpppaa:91,ABprpppaa,91,155,-24844,31,32,155,21.3,252,167,39,198321
ABprpppaaa:125,ABprpppaaa,125,184,-24815,-41,-40,184,16.4,287,177,34,76344
ABprpppaap:125,ABprpppaap,125,160,-24840,-4,-6,160,17.3,239,189,31,73298
ABprpppap:91,ABprpppap,91,183,-24816,58,60,183,25.4,188,173,37,226890
ABprpppapa:125,ABprpppapa,125,232,-24767,117,121,232,23.5,224,157,32,113407
ABprpppapp:125,ABprpppapp,125,170,-24829,40,40,170,21.3,185,195,32,97960
ABprpppp:64,ABprpppp,64,120,-24879,34,34,120,38.6,192,216,42,355905
ABprppppa:92,ABprppppa,92,181,-24818,35,39,181,23.4,176,213,34,164759
ABprppppaa:131,ABprppppaa,131,298,-24702,75,77,298,15.0,228,218,31,76018
ABprppppap:131,ABprppppap,131,201,-24799,77,77,201,18.2,199,247,29,64710
ABprppppp:92,ABprppppp,92,227,-24772,93,95,227,23.5,149,253,37,228688
ABprpppppa:132,ABprpppppa,132,240,-24759,86,80,240,17.0,162,249,34,104825
ABprpppppp:132,ABprpppppp,132,286,-24714,127,129,286,24.3,146,292,30,130726
EMS:1,EMS,1,53,-24946,-67,-67,53,29.5,316,350,75,2200062
MS:10,MS,10,49,-24950,-46,-46,49,37.6,394,375,68,1313258
MSa:21,MSa,21,54,-24945,-41,-41,54,33.2,457,369,64,838510
MSaa:36,MSaa,36,74,-24925,-36,-36,74,30.6,502,387,58,763918
MSaaa:52,MSaaa,52,92,-24907,-8,-9,92,31.3,534,372,50,489214
MSaaaa:73,MSaaaa,73,144,-24855,41,42,144,33.8,580,310,43,350642
MSaaaaa:96,MSaaaaa,96,256,-24743,100,106,256,38.8,608,264,37,302474
MSaaaaaa:124,MSaaaaaa,124,316,-24683,76,109,316,39.3,625,267,30,184416
MSaaaaap:124,MSaaaaap,124,256,-24743,121,124,256,44.1,582,247,34,180022
MSaaaap:96,MSaaaap,96,196,-24803,71,76,196,42.1,546,238,39,259968
MSaaaapa:127,MSaaaapa,127,199,-24800,53,53,199,49.0,547,231,32,144701
MSaaaapp:127,MSaaaapp,127,266,-24733,130,136,266,50.8,501,231,30,113682
MSaaap:73,MSaaap,73,123,-24876,17,18,123,32.0,510,339,43,289588
MSaaapa:97,MSaaapa,97,182,-24817,59,60,182,38.4,539,290,40,244875
MSaaapaa:124,MSaaapaa,124,190,-24809,42,44,190,41.2,551,282,34,164157
MSaaapap:124,MSaaapap,124,160,-24839,35,35,160,45.9,507,275,33,142633
MSaaapp:97,MSaaapp,97,239,-24760,121,125,239,39.0,477,279,34,182104
MSaap:52,MSaap,52,96,-24903,-5,-5,96,29.8,443,398,50,479668
MSaapa:74,MSaapa,74,147,-24852,40,40,147,30.5,450,404,44,328475
MSaapaa:96,MSaapaa,96,188,-24811,62,65,188,32.1,465,353,38,244878
MSaapaaa:124,MSaapaaa,124,222,-24777,63,69,222,32.2,486,335,31,163335
MSaapaap:124,MSaapaap,124,198,-24801,92,92,198,37.3,444,311,31,122556
MSaapap:96,MSaapap,96,201,-24798,66,71,201,29.0,414,369,36,183148
MSaapapa:129,MSaapapa,129,254,-24745,103,110,254,31.1,449,348,30,127084
MSaapapp:129,MSaapapp,129,206,-24793,68,73,206,32.0,400,335,31,90084
MSaapp:74,MSaapp,74,160,-24839,54,55,160,26.4,369,397,42,305132
MSaappa:101,MSaappa,101,257,-24742,88,96,257,26.6,383,375,33,153223
MSaappp:101,MSaappp,101,212,-24787,60,66,212,29.5,345,372,39,246657
MSap:36,MSap,36,60,-24939,-25,-25,60,41.5,402,380,56,646517
MSapa:55,MSapa,55,78,-24921,4,4,78,44.5,431,383,48,455719
MSapaa:76,MSapaa,76,132,-24867,38,40,132,40.3,514,332,42,322262
MSapaaa:103,MSapaaa,103,210,-24789,89,91,210,43.0,575,325,35,268333
MSapaaaa:134,MSapaaaa,134,305,-24695,148,163,305,41.0,604,320,26,145243
MSapaaap:134,MSapaaap,134,93,-24907,-10,-11,93,45.0,544,328,30,128773
MSapaap:103,MSapaap,103,214,-24785,94,98,214,41.9,524,341,35,237733
MSapap:76,MSapap,76,116,-24883,28,29,116,41.5,436,340,42,292546
MSapapa:104,MSapapa,104,170,-24829,52,61,170,46.3,495,339,37,269375
MSapapp:104,MSapapp,104,156,-24843,63,64,156,49.8,448,317,35,194571
MSapp:55,MSapp,55,86,-24913,-2,-2,86,38.4,347,404,48,485863
MSappa:78,MSappa,78,136,-24863,40,41,136,37.0,407,370,41,300129
MSappaa:108,MSappaa,108,177,-24823,56,63,177,39.2,472,352,37,233413
MSappap:108,MSappap,108,158,-24841,37,39,158,38.5,410,362,38,217502
MSappp:78,MSappp,78,125,-24874,35,35,125,40.6,358,348,42,280112
MSapppa:109,MSapppa,109,167,-24832,63,69,167,45.9,428,352,37,223098
MSapppp:109,MSapppp,109,140,-24859,51,52,140,48.5,372,320,37,174372
MSp:21,MSp,21,70,-24929,-39,-39,70,21.4,357,331,66,726774
MSpa:36,MSpa,36,75,-24924,-36,-36,75,24.2,402,370,57,590867
MSpaa:54,MSpaa,54,91,-24908,-14,-15,91,22.3,434,340,49,288432
MSpaaa:74,MSpaaa,74,130,-24869,16,16,130,25.8,501,278,43,200474
MSpaaaa:95,MSpaaaa,95,198,-24801,40,46,198,27.8,561,252,38,213583
MSpaaaaa:122,MSpaaaaa,122,318,-24681,90,98,318,32.5,597,234,29,130539
MSpaaaap:122,MSpaaaap,122,201,-24798,53,59,201,35.6,545,227,35,160656
MSpaaap:95,MSpaaap,95,174,-24825,47,49,174,37.7,507,211,37,192056
MSpaaapa:126,MSpaaapa,126,317,-24682,121,131,317,42.5,544,200,31,145030
MSpaaapp:126,MSpaaapp,126,221,-24779,77,80,221,44.8,485,197,33,112032
MSpaap:74,MSpaap,74,153,-24846,41,41,153,24.0,427,335,41,192688
MSpaapa:99,MSpaapa,99,179,-24820,44,47,179,30.9,498,255,39,198034
MSpaapaa:131,MSpaapaa,131,257,-24743,90,95,257,33.2,517,235,31,125359
MSpaapap:131,MSpaapap,131,231,-24768,91,91,231,35.2,465,230,32,107128
MSpaapp:99,MSpaapp,99,290,-24709,160,162,290,33.7,425,274,30,97729
MSpap:54,MSpap,54,110,-24889,-5,-5,110,21.9,339,382,50,381624
MSpapa:74,MSpapa,74,160,-24839,12,11,160,17.4,378,353,44,215027
MSpapaa:96,MSpapaa,96,186,-24813,53,55,186,25.2,416,321,38,162964
MSpapaaa:124,MSpapaaa,124,221,-24778,55,60,221,24.0,458,313,33,140340
MSpapaap:124,MSpapaap,124,166,-24833,25,29,166,30.2,403,290,34,107667
MSpapap:96,MSpapap,96,258,-24741,109,111,258,22.6,367,323,36,165970
MSpapapa:131,MSpapapa,131,288,-24711,145,143,288,21.5,420,304,30,95372
MSpapapp:131,MSpapapp,131,242,-24758,66,71,242,23.7,366,312,32,100309
MSpapp:74,MSpapp,74,158,-24841,36,35,158,18.8,293,358,44,219052
MSpappa:101,MSpappa,101,320,-24679,146,150,320,19.7,343,359,33,155349
MSpappp:101,MSpappp,101,213,-24786,63,68,213,22.7,306,335,40,220910
MSpp:36,MSpp,36,88,-24911,-56,-56,88,13.4,311,326,57,452625
MSppa:56,MSppa,56,133,-24866,-63,-64,133,11.4,331,273,51,236947
MSppaa:77,MSppaa,77,148,-24852,33,33,148,22.0,440,261,41,158114
MSppaaa:103,MSppaaa,103,218,-24781,52,58,218,23.5,543,229,36,150403
MSppaaaa:133,MSppaaaa,133,314,-24686,-27,14,314,23.5,574,229,34,184052
MSppaaap:133,MSppaaap,133,344,-24656,173,179,344,28.5,525,230,30,101346
MSppaap:103,MSppaap,103,264,-24735,83,90,264,23.6,498,218,35,150195
MSppap:77,MSppap,77,148,-24851,29,30,148,23.7,367,259,43,154969
MSppapa:101,MSppapa,101,249,-24750,85,90,249,26.9,467,206,36,150616
MSppapaa:133,MSppapaa,133,279,-24721,56,65,279,28.5,514,190,30,108052
MSppapap:133,MSppapap,133,381,-24618,171,165,381,28.5,468,188,30,105229
MSppapp:101,MSppapp,101,193,-24806,54,57,193,29.5,423,194,37,145108
MSppp:56,MSppp,56,119,-24880,-9,-10,119,16.1,246,327,49,289530
MSpppa:78,MSpppa,78,160,-24839,24,27,160,21.6,342,278,41,155930
MSpppaa:106,MSpppaa,106,226,-24773,85,86,226,24.2,444,266,34,107122
MSpppap:106,MSpppap,106,191,-24808,53,55,191,23.8,391,258,34,104021
MSpppp:78,MSpppp,78,140,-24859,26,26,140,23.5,290,272,43,159525
MSppppa:108,MSppppa,108,178,-24821,23,26,178,24.1,403,208,36,130635
MSppppp:108,MSppppp,108,213,-24786,76,77,213,28.8,354,192,35,116992
E:10,E,10,50,-24949,-56,-56,50,37.7,224,304,65,1268982
Ea:22,Ea,22,52,-24947,-50,-50,52,34.7,304,344,65,906421
Eal:50,Eal,50,71,-24928,-15,-15,71,35.0,372,306,53,367295
Eala:81,Eala,81,87,-24912,-7,-5,87,44.1,471,262,45,208217
Ealaa:128,Ealaa,128,95,-24904,-2,5,95,50.5,473,263,36,116976
Ealap:128,Ealap,128,60,-24939,-40,-41,60,50.5,396,259,36,89903
Ealp:81,Ealp,81,76,-24923,-8,-7,76,41.6,392,280,44,165855
Ealpa:126,Ealpa,126,81,-24918,-12,-9,81,43.1,422,286,38,123689
Ealpp:126,Ealpp,126,99,-24900,15,15,99,44.8,352,283,36,74604
Ear:50,Ear,50,84,-24915,-11,-11,84,26.9,339,247,54,292827
Eara:82,Eara,82,73,-24926,-20,-20,73,40.1,425,209,45,185651
Earaa:129,Earaa,129,93,-24906,0,1,93,45.5,445,209,33,77936
Earap:129,Earap,129,99,-24900,-5,-5,99,44.6,365,208,36,89452
Earp:82,Earp,82,87,-24912,-13,-12,87,35.8,362,225,44,158538
Earpa:131,Earpa,131,172,-24827,30,45,172,34.5,403,229,34,75407
Earpp:131,Earpp,131,89,-24910,-9,-9,89,37.5,331,250,37,77801
Ep:22,Ep,22,60,-24940,-41,-41,60,35.5,205,301,63,966132
Epl:50,Epl,50,72,-24927,-9,-10,72,41.7,285,288,53,382708
Epla:86,Epla,86,74,-24925,-5,-5,74,46.4,328,259,46,191659
Eplaa:134,Eplaa,134,124,-24876,27,25,124,51.0,330,244,30,60865
Eplap:134,Eplap,134,84,-24916,-22,-23,84,49.0,290,260,34,63814
Eplp:86,Eplp,86,73,-24926,-12,-12,73,43.8,246,270,45,206351
Epr:50,Epr,50,86,-24913,-13,-13,86,29.8,246,252,53,341633
Epra:83,Epra,83,89,-24910,-12,-12,89,35.2,304,204,43,157906
Epraa:134,Epraa,134,62,-24938,-67,-71,62,40.0,324,190,30,59178
Eprap:134,Eprap,134,70,-24930,-37,-38,70,36.0,292,206,34,77902
Eprp:83,Eprp,83,97,-24902,-3,-4,97,37.5,221,231,44,181724
Eprpa:134,Eprpa,134,47,-24953,-49,-42,47,40.0,242,220,34,76517
Eprpp:134,Eprpp,134,93,-24907,-32,-35,93,37.0,224,248,30,69097
P2:1,P2,1,59,-24941,-95,-95,59,27.0,162,253,72,2567983
C:12,C,12,64,-24935,-48,-48,64,29.0,247,189,64,1021411
Ca:24,Ca,24,51,-24948,-37,-37,51,41.7,311,202,60,639604
Caa:39,Caa,39,53,-24946,-23,-23,53,50.4,359,187,52,451647
Caaa:61,Caaa,61,58,-24941,-11,-11,58,54.0,348,189,48,319290
Caaaa:86,Caaaa,86,88,-24911,13,13,88,56.2,276,218,42,220931
Caaaaa:121,Caaaaa,121,129,-24870,54,53,129,58.0,260,224,33,96719
Caaaap:121,Caaaap,121,126,-24873,36,38,126,53.1,201,223,34,121797
Caaap:86,Caaap,86,103,-24896,22,23,103,52.9,195,246,41,259524
Caaapa:117,Caaapa,117,124,-24875,35,36,124,53.1,166,248,34,127252
Caaapp:117,Caaapp,117,142,-24857,39,41,142,43.4,147,274,35,160557
Caap:61,Caap,61,67,-24070,2,3,67,50.6,279,254,42,248237
Caapa:90,Caapa,90,185,-24814,77,80,185,43.0,176,288,34,190396
Caapp:90,Caapp,90,151,-24848,49,51,151,44.2,152,308,39,284477
Caappd:125,Caappd,125,249,-24750,120,120,249,31.9,117,335,33,153970
Caappv:125,Caappv,125,265,-24734,84,113,265,26.5,159,349,29,119266
Cap:39,Cap,39,60,-24939,-16,-17,60,45.7,266,190,52,503050
Capa:62,Capa,62,93,-24906,4,4,93,50.1,255,294,46,416099
Capaa:97,Capaa,97,235,-24764,100,104,235,35.1,271,363,39,245935
Capaaa:133,Capaaa,133,180,-24819,56,59,180,38.5,325,355,36,136442
Capaap:133,Capaap,133,201,-24798,22,23,201,30.5,287,350,32,110666
Capap:97,Capap,97,278,-24721,126,132,278,34.9,221,356,39,282644
Capp:62,Capp,62,92,-24907,17,17,92,48.9,214,289,45,376882
Cappa:92,Cappa,92,195,-24804,87,94,195,46.0,216,324,39,294360
Cappaa:130,Cappaa,130,201,-24798,99,104,201,46.2,274,324,33,129992
Cappap:130,Cappap,130,265,-24734,108,117,265,42.4,230,331,36,217358
Cappp:92,Cappp,92,233,-24766,103,109,233,39.7,180,330,39,323963
Capppa:131,Capppa,131,209,-24790,30,48,209,39.5,202,321,32,148247
Capppp:131,Capppp,131,278,-24721,91,92,278,30.2,206,330,33,157003
Cp:24,Cp,24,63,-24936,-37,-37,63,40.3,199,200,60,844893
Cpa:40,Cpa,40,64,-24935,-28,-28,64,44.4,181,192,54,674448
Cpaa:60,Cpaa,60,75,-24924,-7,-7,75,46.3,203,177,48,419855
Cpaaa:85,Cpaaa,85,108,-24891,29,29,108,51.6,290,166,41,276670
Cpaaaa:122,Cpaaaa,122,104,-21049,43,42,104,55.2,285,185,33,106775
Cpaaap:122,Cpaaap,122,180,-24819,82,82,180,48.8,230,178,33,126964
Cpaap:85,Cpaap,85,144,-24855,62,62,144,46.8,189,195,40,285732
Cpaapa:121,Cpaapa,121,169,-24830,79,83,169,47.7,190,181,33,144939
Cpaapp:121,Cpaapp,121,137,-24862,34,35,137,41.5,146,218,34,147559
Cpap:60,Cpap,60,80,-24919,0,0,80,47.7,165,253,45,371257
Cpapa:88,Cpapa,88,165,-24834,73,74,165,40.1,136,231,40,313608
Cpapaa:127,Cpapaa,127,257,-24742,129,129,257,32.8,148,282,30,124546
Cpapap:127,Cpapap,127,213,-24786,119,118,213,35.5,121,239,33,147447
Cpapp:88,Cpapp,88,163,-24836,64,68,163,36.8,122,297,39,329803
Cpappd:128,Cpappd,128,273,-24726,145,148,273,27.8,117,285,30,117870
Cpappv:128,Cpappv,128,233,-24766,70,83,233,24.7,148,324,31,158063
Cpp:40,Cpp,40,64,-24936,-41,-41,64,42.7,137,274,52,708436
Cppa:65,Cppa,65,127,-24872,31,31,127,34.6,117,269,46,572215
Cppaa:103,Cppaa,103,176,-24823,37,38,176,24.2,262,303,40,200473
Cppap:103,Cppap,103,200,-24799,58,59,200,25.9,211,305,39,244203
Cppp:65,Cppp,65,110,-24889,7,7,110,41.0,151,314,45,490910
Cpppa:96,Cpppa,96,185,-24814,55,57,185,30.7,185,251,41,278726
Cpppaa:132,Cpppaa,132,247,-24752,124,144,247,28.0,234,232,35,174691
Cpppap:132,Cpppap,132,248,-24751,94,98,248,24.3,236,227,35,156388
Cpppp:96,Cpppp,96,210,-24789,75,79,210,32.0,166,304,38,299242
P3:12,P3,12,53,-24946,-85,-86,53,30.6,127,253,61,1376484
D:27,D,27,67,-24932,-77,-77,67,29.8,112,260,55,763715
Da:47,Da,47,76,-24923,-27,-28,76,40.6,209,369,49,276257
Daa:77,Daa,77,67,-24932,-26,-26,67,34.0,299,374,40,106879
Daaa:109,Daaa,109,87,-23597,-6,-2,87,41.7,372,356,31,64135
Daaaa:128,Daaaa,128,76,-21352,-16,-12,76,44.7,393,364,34,120689
Daaap:128,Daaap,128,80,-21348,-10,-10,80,41.5,347,367,35,143191
Daap:109,Daap,109,69,-21084,-22,-22,69,35.3,320,352,34,81071
Dap:77,Dap,77,89,-24910,-19,-18,89,37.8,222,347,42,121982
Dapa:105,Dapa,105,68,-24932,-15,-14,68,43.3,323,337,34,77355
Dapaa:124,Dapaa,124,40,-24960,-51,-40,40,38.0,326,354,38,136289
Dapap:124,Dapap,124,72,-24927,-20,-19,72,46.2,338,358,38,150333
Dapp:105,Dapp,105,74,-24925,-21,-19,74,44.9,277,320,35,92765
Dp:47,Dp,47,78,-24921,-46,-46,78,28.6,154,326,48,267232
Dpa:80,Dpa,80,127,-24872,-5,-5,127,21.3,240,290,41,94285
Dpaa:114,Dpaa,114,134,-24865,21,22,134,24.0,345,245,34,84687
Dpaaa:123,Dpaaa,123,143,-24856,-3,0,143,22.6,368,216,34,75603
Dpaap:123,Dpaap,123,113,-24886,-17,-15,113,23.1,329,265,35,74190
Dpap:114,Dpap,114,116,-24884,0,3,116,23.6,304,256,33,54329
Dpp:80,Dpp,80,119,-24880,-9,-8,119,29.7,208,281,38,102893
Dppa:129,Dppa,129,120,-24879,-10,-3,120,24.0,304,220,32,60624
Dppp:129,Dppp,129,127,-24872,-8,-9,127,28.5,288,210,42,137202
P4:27,P4,27,69,-24930,-48,-48,69,31.2,189,360,50,558095
Z2:60,Z2,60,85,-24200,-23,-23,85,27.6,240,335,43,110123
Z3:60,Z3,60,77,-24922,-25,-25,77,31.6,316,351,42,105488
