Cell	20081128_sulston	20110316_mir-1_L3	20110316_mir-1_L2	20110203_RW10890_pal-1_L4	20110125_RW10890_pal-1_L3	20110125_RW10890_pal-1_L4	20101213_RW10889_pal-1_L2	20101213_RW10889_pal-1_L3	20110209_UP2051_mls-2_L1	20110209_UP2051_mls-2_L2	20110209_UP2051_mls-2_L3	20110225_NX68_L3	20110408_RW10425_pha-4_L2	20110927_RW11144_L4	20110929_ceh-43_L1	20110726_RW10713_L1	20110731_RW10434_L1	20111116_RW10226_L4	20110916_ceh-36_L1	20120426_JIM122_L2	20120612_JIM127_L4	20120331_RW10871_L4	20120807_mir-57_L4
AB	15	NA	NA	NA	NA	NA	7.8	NA	NA	NA	NA	NA	NA	5	1.2	NA	NA	4.5	NA	6.6	NA	NA	NA
ABa	NA	9.9	NA	1.6	NA	NA	NA	6.7	NA	NA	NA	NA	NA	NA	NA	NA	8.7	NA	4.1	NA	8.8	3.2	NA
ABal	NA	NA	NA	NA	NA	NA	NA	NA	NA	NA	NA	NA	NA	NA	NA	NA	NA	NA	NA	NA	NA	NA	NA
ABala	NA	NA	NA	NA	NA	NA	NA	NA	NA	NA	NA	NA	NA	NA	NA	NA	NA	NA	NA	NA	NA	NA	NA
ABalaa	NA	NA	NA	NA	NA	NA	NA	NA	NA	NA	NA	NA	NA	NA	NA	NA	NA	NA	NA	NA	NA	NA	NA
ABalaaa	NA	NA	NA	NA	NA	NA	NA	NA	NA	NA	NA	NA	NA	NA	NA	NA	NA	NA	NA	NA	NA	NA	NA
ABalaaaa	NA	NA	NA	NA	NA	NA	NA	NA	NA	NA	NA	NA	NA	NA	NA	NA	NA	NA	NA	NA	NA	NA	NA
ABalaaaal	NA	NA	NA	NA	NA	NA	NA	NA	NA	NA	NA	NA	NA	NA	NA	NA	NA	NA	NA	NA	NA	NA	NA
ABalaaaala	NA	NA	NA	94	NA	NA	NA	95.2	NA	NA	NA	93.5	NA	103.2	116	NA	NA	NA	NA	NA	NA	NA	NA
ABalaaaalal	225	6.4	18.6	NA	14.3	3.6	NA	NA	21.5	4.8	11.5	NA	NA	NA	NA	71.1	20.4	17.4	16.4	81.1	39	101.8	101.4
ABalaaaalar	45	6.4	18.6	NA	14.3	3.6	NA	NA	21.5	4.8	11.5	NA	NA	NA	NA	71.1	20.4	17.4	16.4	38.9	39	101.8	42.7
ABalaaaalp	NA	NA	NA	NA	NA	NA	NA	NA	NA	NA	NA	NA	NA	NA	NA	NA	NA	NA	NA	NA	NA	NA	NA
ABalaaaalpa	35	16.4	28	3.1	10.7	9.2	9.2	4.9	16.5	11.1	4.8	9	10	3.3	6.6	72.8	37.5	30.6	19	99.6	53.5	101.8	69.6
ABalaaaalpp	180	16.4	28	3.1	10.7	9.2	9.2	4.9	16.5	11.1	4.8	9	10	3.3	6.6	72.8	37.5	30.6	19	99.6	53.5	101.8	109.3
ABalaaaar	NA	NA	NA	NA	NA	NA	NA	NA	NA	NA	NA	NA	NA	NA	NA	NA	NA	NA	NA	NA	NA	NA	NA
ABalaaaarl	NA	NA	NA	NA	NA	NA	NA	NA	NA	NA	NA	NA	NA	NA	NA	NA	NA	NA	NA	NA	NA	NA	NA
ABalaaaarla	90	30.9	35.7	9.4	19.6	33.2	21.5	16.3	24.8	15.9	8.1	16.5	15.1	17.2	35.3	84.5	44.3	48.1	21.5	114.9	66.5	110	96.7
ABalaaaarlp	235	30.9	35.7	9.4	19.6	33.2	21.5	16.3	24.8	15.9	8.1	16.5	15.1	17.2	35.3	84.5	44.3	48.1	21.5	114.9	66.5	110	120.5
ABalaaaarr	NA	NA	NA	NA	NA	NA	NA	NA	NA	NA	NA	NA	NA	NA	NA	NA	NA	NA	NA	NA	NA	NA	NA
ABalaaaarra	90	34.3	37.3	NA	16.1	23.9	26.2	16.3	19.9	20.7	9.8	13.5	21.7	18.9	36.6	81	42.6	48.1	27.9	106.4	69.3	110	119
ABalaaaarrp	235	34.3	37.3	NA	16.1	23.9	26.2	16.3	19.9	20.7	9.8	13.5	21.7	18.9	36.6	81	42.6	48.1	27.9	106.4	69.3	110	119
ABalaaap	NA	NA	NA	NA	NA	NA	NA	NA	NA	NA	NA	NA	NA	NA	NA	NA	NA	NA	NA	NA	NA	NA	NA
ABalaaapa	NA	NA	NA	NA	NA	NA	NA	NA	NA	NA	NA	NA	NA	NA	NA	NA	NA	NA	NA	NA	NA	NA	NA
ABalaaapal	NA	NA	NA	NA	NA	NA	NA	NA	NA	NA	NA	NA	NA	NA	NA	NA	NA	NA	NA	NA	NA	NA	NA
ABalaaapall	265	44.1	57.6	18.8	41.1	46.1	29.2	31.1	41.5	35	31.1	28.6	35.2	36.1	45.8	99.4	52.8	61.2	44.5	120	76.7	123.1	134.8
ABalaaapalr	265	44.1	57.6	18.8	41.1	46.1	29.2	31.1	41.5	35	31.1	28.6	35.2	36.1	45.8	99.4	52.8	61.2	44.5	88	76.7	123.1	134.8
ABalaaapar	NA	NA	NA	95.6	NA	NA	NA	NA	NA	NA	NA	NA	NA	NA	NA	NA	NA	NA	NA	NA	NA	NA	NA
ABalaaaparl	95	34.3	37.3	NA	28.6	23.9	18.4	14.7	33.2	20.7	23	13.5	21.7	15.5	34	82.8	44.3	40.7	22.8	104.7	63.5	106.7	99.9
ABalaaaparr	255	34.3	37.3	NA	28.6	23.9	18.4	14.7	33.2	20.7	23	13.5	21.7	15.5	34	82.8	44.3	40.7	22.8	104.7	63.5	116.6	120.5
ABalaaapp	NA	NA	NA	NA	NA	NA	NA	NA	NA	NA	NA	NA	NA	NA	NA	NA	NA	NA	NA	NA	NA	NA	NA
ABalaaappl	NA	NA	NA	NA	NA	NA	NA	NA	NA	NA	NA	NA	NA	NA	NA	NA	NA	NA	NA	NA	NA	NA	NA
ABalaaappll	255	34.3	38.9	3.1	32.2	31.3	21.5	18	31.5	20.7	19.6	18.1	18.4	12	31.2	79.5	46	42.2	26.6	118.3	65	113.2	120.5
ABalaaapplr	95	34.3	38.9	3.1	32.2	31.3	21.5	18	31.5	20.7	19.6	18.1	18.4	12	31.2	79.5	46	42.2	26.6	118.3	65	113.2	90.4
ABalaaappr	NA	NA	NA	NA	NA	NA	NA	NA	NA	NA	NA	NA	NA	NA	NA	NA	NA	NA	NA	NA	NA	NA	NA
ABalaaapprl	265	44.1	52.8	6.2	41.1	46.1	21.5	29.5	41.5	38.1	32.7	33.2	28.4	30.9	48.3	94.4	56.2	56.8	44.5	125	82.5	123.1	122.2
ABalaaapprr	265	44.1	52.8	6.2	41.1	46.1	21.5	29.5	41.5	38.1	32.7	33.2	28.4	30.9	48.3	94.4	56.2	56.8	44.5	125	79.6	123.1	133.2
ABalaap	NA	NA	NA	NA	NA	NA	NA	NA	NA	NA	NA	NA	NA	NA	NA	NA	NA	NA	NA	NA	NA	NA	NA
ABalaapa	NA	NA	NA	NA	NA	NA	NA	NA	NA	NA	NA	NA	NA	NA	NA	NA	NA	NA	NA	NA	NA	NA	NA
ABalaapaa	NA	NA	NA	NA	NA	NA	NA	NA	NA	NA	NA	NA	NA	NA	NA	NA	NA	NA	NA	NA	NA	NA	NA
ABalaapaaa	NA	NA	NA	86.1	NA	106.5	89.2	93.5	NA	NA	90	NA	NA	99.7	106.9	NA	NA	NA	97.7	NA	NA	NA	NA
ABalaapaaal	50	11.4	6	NA	5.3	NA	NA	NA	14.8	NA	NA	4.4	NA	NA	NA	54.5	22	15.9	NA	84.5	27.5	59.3	52.3
ABalaapaaar	225	11.4	6	NA	5.3	NA	NA	NA	14.8	NA	NA	4.4	NA	NA	NA	54.5	23.7	15.9	NA	84.5	47.7	92.1	98.3
ABalaapaap	NA	NA	NA	86.1	NA	NA	NA	NA	NA	NA	NA	NA	NA	NA	106.9	NA	NA	NA	NA	NA	NA	NA	NA
ABalaapaapa	80	19.6	23.4	NA	17.8	12.9	NA	4.9	21.5	14.3	NA	16.5	15.1	8.6	NA	62.9	28.9	27.6	4.9	98	57.8	96.9	92
ABalaapaapp	230	19.6	23.4	NA	17.8	12.9	NA	4.9	21.5	14.3	NA	16.5	15.1	8.6	NA	62.9	28.9	27.6	4.9	98	57.8	96.9	112.6
ABalaapap	NA	NA	NA	NA	NA	NA	NA	NA	NA	NA	NA	NA	NA	NA	NA	NA	NA	NA	NA	NA	NA	NA	NA
ABalaapapa	20	91.3	82.5	86.1	79.5	91.7	92.3	95.2	109.4	101.7	34.3	99.6	73.6	24	32.5	107.5	110.8	71.4	52	72.4	23.2	68.3	37.9
ABalaapapp	NA	NA	NA	NA	NA	NA	NA	NA	NA	NA	NA	NA	NA	NA	NA	NA	NA	NA	NA	NA	NA	NA	NA
ABalaapappa	95	39.1	48.3	6.2	35.7	31.3	21.5	16.3	29.8	28.6	16.3	28.6	26.8	27.5	29.9	77.8	46	51	12.7	113.2	75.3	111.6	125.2
ABalaapappp	255	39.1	48.3	6.2	35.7	31.3	21.5	16.3	29.8	28.6	16.3	28.6	26.8	27.5	29.9	77.8	46	51	12.7	113.2	59.4	111.6	125.2
ABalaapp	NA	NA	NA	NA	NA	NA	NA	NA	NA	NA	NA	NA	NA	NA	NA	NA	NA	NA	NA	NA	NA	NA	NA
ABalaappa	NA	NA	NA	NA	NA	NA	NA	NA	NA	NA	NA	NA	NA	NA	NA	NA	NA	NA	NA	NA	NA	NA	NA
ABalaappaa	20	84.8	91.7	73.6	74	110	98.4	95.2	112.6	69.7	73.6	82.9	105.4	61.8	24.7	102.6	61.2	53.9	44.3	58.8	52.1	69.8	45.9
ABalaappap	NA	NA	NA	NA	NA	NA	NA	NA	NA	NA	NA	NA	NA	NA	NA	NA	NA	NA	NA	NA	NA	NA	NA
ABalaappapa	255	45.7	43.6	20.4	35.7	25.8	20	16.3	33.2	23.9	18	28.6	30.1	17.2	28.6	81	46	51	38.1	118.3	68	124.7	123.7
ABalaappapp	255	45.7	43.6	20.4	35.7	25.8	20	16.3	33.2	23.9	18	28.6	30.1	17.2	28.6	81	46	51	38.1	118.3	68	124.7	123.7
ABalaappp	NA	NA	NA	NA	NA	NA	NA	NA	NA	NA	NA	NA	NA	NA	NA	NA	NA	NA	NA	NA	NA	NA	NA
ABalaapppa	NA	NA	NA	NA	NA	NA	NA	NA	NA	NA	NA	NA	NA	NA	NA	NA	NA	NA	NA	NA	NA	NA	NA
ABalaapppaa	235	30.9	43.6	6.2	28.6	23.9	10.7	8.1	23.2	19	8.1	21.1	23.5	20.6	7.9	79.5	35.8	43.7	35.5	104.7	59.3	103.4	119
ABalaapppap	20	30.9	43.6	6.2	28.6	23.9	10.7	8.1	23.2	19	8.1	21.1	23.5	20.6	7.9	79.5	32.5	43.7	35.5	104.7	40.5	57.6	28.6
ABalaapppp	NA	NA	NA	NA	NA	NA	NA	NA	NA	NA	NA	NA	NA	NA	NA	NA	NA	NA	NA	NA	NA	NA	NA
ABalaappppa	NA	58.8	65.4	39.2	53.6	53.5	41.6	32.7	48.1	46.1	34.3	43.7	47	46.4	54.9	105.9	61.3	65.6	54.5	NA	76.8	NA	NA
ABalaappppaa	140	NA	NA	NA	NA	NA	NA	NA	NA	NA	NA	NA	NA	NA	NA	NA	NA	NA	NA	11.7	NA	16.2	22.1
ABalaappppap	30	NA	NA	NA	NA	NA	NA	NA	NA	NA	NA	NA	NA	NA	NA	NA	NA	NA	NA	11.7	NA	16.2	22.1
ABalaappppp	260	58.8	65.4	39.2	53.6	53.5	41.6	32.7	48.1	46.1	34.3	43.7	47	46.4	54.9	105.9	61.3	65.6	54.5	131.8	76.8	131.3	144.3
ABalap	NA	NA	NA	NA	NA	NA	NA	NA	NA	NA	NA	NA	NA	NA	NA	NA	NA	NA	NA	NA	NA	NA	NA
ABalapa	NA	NA	NA	NA	NA	NA	NA	NA	NA	NA	NA	NA	NA	NA	NA	NA	NA	NA	NA	NA	NA	NA	NA
ABalapaa	NA	NA	NA	NA	NA	NA	NA	NA	NA	NA	NA	NA	NA	NA	NA	NA	NA	NA	NA	NA	NA	NA	NA
ABalapaaa	NA	NA	NA	NA	NA	NA	NA	NA	NA	NA	NA	NA	NA	NA	NA	NA	NA	NA	NA	NA	NA	NA	NA
ABalapaaaa	NA	120.6	NA	95.6	131.4	117.3	98.4	100	109.4	104.8	98.2	104.2	103.7	104.9	116	NA	121	NA	112.9	NA	NA	NA	NA
ABalapaaaaa	210	NA	6	NA	NA	NA	NA	NA	NA	NA	NA	NA	NA	NA	NA	43.1	NA	1.4	NA	77.7	26	77.3	84
ABalapaaaap	50	NA	6	NA	NA	NA	NA	NA	NA	NA	NA	NA	NA	NA	NA	43.1	NA	1.4	NA	77.7	26	65.9	55.5
ABalapaaap	NA	NA	NA	NA	NA	NA	NA	NA	NA	NA	NA	NA	NA	NA	NA	NA	NA	NA	NA	NA	NA	NA	NA
ABalapaaapa	260	49.1	51.2	23.5	32.2	40.5	23	24.6	38.1	36.5	32.7	34.7	31.8	34.4	41.8	95.9	49.4	55.4	43.1	116.6	76.7	119.8	126.9
ABalapaaapp	260	49.1	51.2	23.5	32.2	40.5	23	24.6	38.1	36.5	32.7	34.7	31.8	34.4	41.8	95.9	49.4	55.4	43.1	116.6	76.7	119.8	126.9
ABalapaap	NA	NA	NA	NA	NA	NA	NA	NA	NA	NA	NA	NA	NA	NA	NA	NA	NA	NA	NA	NA	NA	NA	NA
ABalapaapa	NA	NA	NA	NA	NA	NA	NA	101.6	NA	NA	NA	NA	NA	NA	NA	NA	NA	NA	NA	NA	NA	NA	NA
ABalapaapaa	230	39.1	34.2	9.4	17.8	20.2	7.6	NA	19.9	14.3	8.1	16.5	18.4	1.6	2.5	76.1	30.5	43.7	22.8	104.7	33.2	103.4	112.6
ABalapaapap	20	39.1	34.2	9.4	17.8	20.2	7.6	NA	19.9	14.3	8.1	16.5	18.4	1.6	2.5	76.1	30.5	43.7	22.8	64.2	33.2	37.5	46
ABalapaapp	NA	NA	NA	NA	NA	NA	NA	NA	NA	NA	NA	NA	NA	NA	NA	NA	NA	NA	NA	NA	NA	NA	NA
ABalapaappa	NA	63.7	63.9	31.3	48.3	51.6	33.8	29.5	46.4	49.3	37.6	45.3	40.2	39.5	48.3	104.3	57.9	65.6	55.8	NA	82.5	NA	NA
ABalapaappaa	155	NA	NA	NA	NA	NA	NA	NA	NA	NA	NA	NA	NA	NA	NA	NA	NA	NA	NA	13.5	NA	13	14.2
ABalapaappap	40	NA	NA	NA	NA	NA	NA	NA	NA	NA	NA	NA	NA	NA	NA	NA	NA	NA	NA	13.5	NA	13	14.2
ABalapaappp	265	63.7	63.9	31.3	48.3	51.6	33.8	29.5	46.4	49.3	37.6	45.3	40.2	39.5	48.3	104.3	57.9	65.6	55.8	133.5	82.5	129.6	136.4
ABalapap	NA	NA	NA	NA	NA	NA	NA	NA	NA	NA	NA	NA	NA	NA	NA	NA	NA	NA	NA	NA	NA	NA	NA
ABalapapa	NA	NA	NA	NA	NA	NA	NA	NA	NA	NA	NA	NA	NA	NA	NA	NA	NA	NA	NA	NA	NA	NA	NA
ABalapapaa	29	125.5	108.7	95.6	72.2	106.2	103	100	114.3	111.1	106.4	101.2	107.1	79.1	41.5	147.3	125.9	92	48.2	37	37.6	105.8	42.6
ABalapapap	NA	NA	NA	NA	NA	NA	NA	NA	NA	NA	NA	NA	NA	NA	NA	NA	NA	NA	NA	NA	NA	NA	NA
ABalapapapa	NA	62.1	65.4	32.9	50	53.5	35.4	34.4	48.1	46.1	44.2	46.8	43.5	39.5	50.8	107.7	49.5	68.5	50.8	NA	79.6	NA	NA
ABalapapapaa	145	NA	NA	NA	NA	NA	NA	NA	NA	NA	NA	NA	NA	NA	NA	NA	NA	NA	NA	8.3	NA	32.7	22.1
ABalapapapap	35	NA	NA	NA	NA	NA	NA	NA	NA	NA	NA	NA	NA	NA	NA	NA	NA	NA	NA	8.3	NA	32.7	22.1
ABalapapapp	265	62.1	65.4	32.9	50	53.5	35.4	34.4	48.1	46.1	44.2	46.8	43.5	39.5	50.8	107.7	28.9	68.5	50.8	130.1	79.6	131.3	137.9
ABalapapp	NA	NA	NA	NA	NA	NA	NA	NA	NA	NA	NA	NA	NA	NA	NA	NA	NA	NA	NA	NA	NA	NA	NA
ABalapappa	NA	NA	NA	NA	NA	NA	NA	NA	NA	NA	NA	NA	NA	NA	NA	NA	NA	NA	NA	NA	NA	NA	NA
ABalapappaa	NA	73.4	77.9	48.6	60.8	60.8	46.2	47.5	58	57.2	42.5	51.3	58.7	51.5	69.2	119.2	80.1	78.7	66	NA	95.5	NA	NA
ABalapappaaa	155	NA	NA	NA	NA	NA	NA	NA	NA	NA	NA	NA	NA	NA	NA	NA	NA	NA	NA	28.7	NA	17.8	22.1
ABalapappaap	50	NA	NA	NA	NA	NA	NA	NA	NA	NA	NA	NA	NA	NA	NA	NA	NA	NA	NA	28.7	NA	17.8	22.1
ABalapappap	270	73.4	77.9	48.6	60.8	60.8	46.2	47.5	58	57.2	42.5	51.3	58.7	51.5	69.2	119.2	80.1	78.7	66	148.6	95.5	141	146
ABalapappp	NA	NA	NA	NA	NA	NA	NA	NA	NA	NA	NA	NA	NA	NA	NA	NA	NA	NA	NA	NA	NA	NA	NA
ABalapapppa	260	55.4	63.9	29.8	46.5	46.1	33.8	34.4	41.5	39.7	29.5	36.2	38.5	34.4	53.6	102.6	63	62.6	50.8	135.2	76.7	124.7	139.6
ABalapapppp	260	55.4	63.9	29.8	46.5	46.1	33.8	34.4	41.5	39.7	29.5	36.2	38.5	34.4	53.6	102.6	63	62.6	50.8	135.2	76.7	124.7	139.6
ABalapp	NA	NA	NA	NA	NA	NA	NA	NA	NA	NA	NA	NA	NA	NA	NA	NA	NA	NA	NA	NA	NA	NA	NA
ABalappa	NA	NA	NA	NA	NA	NA	NA	NA	NA	NA	NA	NA	NA	NA	NA	NA	NA	NA	NA	NA	NA	NA	NA
ABalappaa	NA	NA	NA	NA	NA	NA	NA	NA	NA	NA	NA	NA	NA	NA	NA	NA	NA	NA	NA	NA	NA	NA	NA
ABalappaaa	30	101	91.9	81.4	76	93.6	79.9	91.8	101.1	84.2	85.1	93.5	93.8	89.4	37.7	61.1	71.6	77.4	60.8	55.5	55.1	27.5	34.7
ABalappaap	NA	NA	NA	81.4	NA	NA	89.2	91.8	101.1	NA	85.1	93.5	93.8	96.3	109.5	NA	NA	NA	NA	NA	NA	NA	NA
ABalappaapa	210	6.4	7.7	NA	8.9	7.3	NA	NA	NA	7.9	NA	NA	NA	NA	NA	62.9	13.5	10.1	4.9	77.7	44.8	83.9	88.9
ABalappaapp	30	6.4	7.7	NA	3.5	7.3	NA	NA	NA	7.9	NA	NA	NA	NA	NA	62.9	13.5	10.1	4.9	77.7	26	24.8	30.1
ABalappap	NA	NA	NA	NA	NA	NA	NA	NA	NA	NA	NA	NA	NA	NA	NA	NA	NA	NA	NA	NA	NA	NA	NA
ABalappapa	NA	NA	NA	94	NA	NA	NA	103.3	NA	NA	NA	104.2	107.1	104.9	123.9	NA	NA	NA	NA	NA	NA	NA	NA
ABalappapaa	220	13	9.2	NA	NA	1.8	NA	NA	26.5	20.7	18	NA	NA	NA	NA	53	35.8	18.8	NA	89.5	33.2	83.9	95.2
ABalappapap	70	13	9.2	NA	NA	1.8	NA	NA	26.5	20.7	18	NA	NA	NA	NA	53	35.8	18.8	NA	89.5	33.2	83.9	61.9
ABalappapp	NA	NA	NA	NA	NA	NA	NA	NA	NA	NA	NA	NA	NA	NA	NA	NA	NA	NA	NA	NA	NA	NA	NA
ABalappappa	260	50.6	59.1	20.4	39.3	53.5	37	37.7	44.7	38.1	26.1	36.2	40.2	37.8	58.8	99.4	59.6	65.6	52	128.4	84	129.6	128.4
ABalappappp	260	50.6	59.1	20.4	39.3	53.5	37	37.7	44.7	38.1	26.1	36.2	40.2	37.8	58.8	99.4	59.6	65.6	52	128.4	84	129.6	128.4
ABalappp	NA	NA	NA	NA	NA	NA	NA	NA	NA	NA	NA	NA	NA	NA	NA	NA	NA	NA	NA	NA	NA	NA	NA
ABalapppa	NA	NA	NA	NA	NA	NA	NA	NA	NA	NA	NA	NA	NA	NA	NA	NA	NA	NA	NA	NA	NA	NA	NA
ABalapppaa	NA	NA	NA	NA	NA	NA	NA	NA	NA	NA	NA	NA	NA	NA	NA	NA	NA	NA	NA	NA	NA	NA	NA
ABalapppaaa	245	50.6	57.6	18.8	46.5	51.6	33.8	37.7	44.7	43	31.1	40.7	41.9	34.4	49.5	95.9	64.7	64.1	41.9	125	84	124.7	134.8
ABalapppaap	245	50.6	57.6	18.8	46.5	51.6	33.8	37.7	44.7	43	31.1	40.7	41.9	34.4	49.5	95.9	64.7	64.1	41.9	125	84	124.7	134.8
ABalapppap	NA	NA	NA	NA	NA	NA	NA	NA	NA	NA	NA	NA	NA	NA	NA	NA	NA	NA	NA	NA	NA	NA	NA
ABalapppapa	NA	65.3	70.1	34.5	57.2	57.1	49.2	42.6	59.7	54	44.2	48.3	50.3	44.7	60.1	109.3	71.6	71.4	60.8	NA	89.8	NA	NA
ABalapppapaa	145	NA	NA	NA	NA	NA	NA	NA	NA	NA	NA	NA	NA	NA	NA	NA	NA	NA	NA	15.2	NA	27.8	22.1
ABalapppapap	35	NA	NA	NA	NA	NA	NA	NA	NA	NA	NA	NA	NA	NA	NA	NA	NA	NA	NA	15.2	NA	27.8	22.1
ABalapppapp	265	65.3	70.1	34.5	57.2	57.1	49.2	42.6	59.7	54	44.2	48.3	50.3	44.7	60.1	109.3	71.6	72.9	60.8	135.2	89.8	139.4	141.1
ABalapppp	NA	NA	NA	NA	NA	NA	NA	NA	NA	NA	NA	NA	NA	NA	NA	NA	NA	NA	NA	NA	NA	NA	NA
ABalappppa	NA	NA	NA	NA	NA	NA	NA	NA	NA	NA	NA	NA	NA	NA	NA	NA	NA	NA	NA	NA	NA	NA	NA
ABalappppaa	NA	70.1	76.2	48.6	55.4	64.5	50.8	52.4	59.7	52.5	45.8	54.3	55.2	54.9	70.5	115.9	81.8	81.7	64.7	NA	92.7	NA	NA
ABalappppaaa	155	NA	NA	NA	NA	NA	NA	NA	NA	NA	NA	NA	NA	NA	NA	NA	NA	NA	NA	21.8	NA	32.7	15.8
ABalappppaap	55	NA	NA	NA	NA	NA	NA	NA	NA	NA	NA	NA	NA	NA	NA	NA	NA	NA	NA	21.8	NA	32.7	15.8
ABalappppap	270	70.1	76.2	48.6	55.4	64.5	50.8	52.4	59.7	52.5	45.8	54.3	55.2	54.9	70.5	115.9	81.8	81.7	64.7	148.6	92.7	141	146
ABalappppp	NA	NA	NA	NA	NA	NA	NA	NA	NA	NA	NA	NA	NA	NA	NA	NA	NA	NA	NA	NA	NA	NA	NA
ABalapppppa	260	60.4	60.7	36	42.9	49.8	35.4	40.9	51.4	44.5	39.3	40.7	40.2	41.3	54.9	102.6	66.4	62.6	54.5	131.8	85.3	131.3	136.4
ABalapppppp	260	60.4	60.7	36	42.9	49.8	35.4	40.9	51.4	44.5	39.3	40.7	40.2	41.3	54.9	102.6	66.4	62.6	54.5	131.8	85.3	131.3	136.4
ABalp	NA	NA	NA	NA	NA	NA	NA	NA	NA	NA	NA	NA	NA	NA	NA	NA	NA	NA	NA	NA	NA	NA	NA
ABalpa	NA	NA	NA	NA	NA	NA	NA	NA	NA	NA	NA	NA	NA	NA	NA	NA	NA	NA	NA	NA	NA	NA	NA
ABalpaa	NA	NA	NA	NA	NA	NA	NA	NA	NA	NA	NA	NA	NA	NA	NA	NA	NA	NA	NA	NA	NA	NA	NA
ABalpaaa	NA	NA	NA	NA	NA	NA	NA	NA	NA	NA	NA	NA	NA	NA	NA	NA	NA	NA	NA	NA	NA	NA	NA
ABalpaaaa	NA	NA	NA	NA	NA	NA	NA	NA	NA	NA	NA	NA	NA	NA	NA	NA	NA	NA	NA	NA	NA	NA	NA
ABalpaaaaa	NA	NA	NA	NA	NA	NA	NA	NA	NA	NA	NA	NA	NA	NA	NA	NA	NA	NA	NA	NA	NA	NA	NA
ABalpaaaaaa	230	42.5	51.2	9.4	30.4	36.9	30.8	13	34.7	23.9	19.6	28.6	38.5	13.7	35.3	87.7	49.4	45.2	34.2	116.6	68	110	125.2
ABalpaaaaap	230	42.5	51.2	9.4	30.4	36.9	30.8	13	34.7	23.9	19.6	28.6	38.5	13.7	35.3	87.7	49.4	30.7	34.2	116.6	68	110	125.2
ABalpaaaap	NA	NA	NA	NA	NA	NA	NA	NA	NA	NA	NA	NA	NA	NA	NA	NA	NA	NA	NA	NA	NA	NA	NA
ABalpaaaapa	230	30.9	43.6	4.7	16.1	25.8	15.4	9.8	24.8	12.7	9.8	16.5	30.1	5	23.5	81	39.2	13.1	21.5	109.9	53.5	98.5	117.3
ABalpaaaapp	30	30.9	43.6	4.7	21.4	25.8	15.4	9.8	24.8	12.7	9.8	16.5	30.1	5	23.5	41.4	39.2	10.2	21.5	32.2	30.2	37.7	31.7
ABalpaaap	NA	NA	NA	NA	NA	NA	NA	NA	NA	NA	NA	NA	NA	NA	NA	NA	NA	NA	NA	NA	NA	NA	NA
ABalpaaapa	NA	NA	NA	94	NA	NA	NA	NA	NA	NA	NA	NA	NA	NA	NA	NA	NA	NA	NA	NA	NA	NA	NA
ABalpaaapaa	205	32.6	42	NA	19.6	29.5	23	11.4	29.8	20.7	6.5	22.6	26.8	13.7	26.2	86	35.8	39.3	25.4	104.7	60.7	98.5	114.2
ABalpaaapap	25	32.6	42	NA	19.6	29.5	23	11.4	29.8	20.7	6.5	22.6	26.8	13.7	26.2	86	35.8	39.3	25.4	54	33.2	77.4	31.6
ABalpaaapp	NA	NA	NA	NA	NA	NA	NA	NA	NA	NA	NA	NA	NA	NA	NA	NA	NA	NA	NA	NA	NA	NA	NA
ABalpaaappa	30	37.5	42	3.1	23.2	25.8	27.6	19.6	33.2	20.7	NA	15	26.8	18.9	28.6	87.7	27.2	35	29.2	64.2	47.7	110	34.8
ABalpaaappp	210	37.5	42	3.1	23.2	25.8	27.6	19.6	33.2	20.7	NA	15	26.8	18.9	28.6	87.7	35.8	43.7	29.2	111.5	68	110	115.7
ABalpaap	NA	NA	NA	NA	NA	NA	NA	NA	NA	NA	NA	NA	NA	NA	NA	NA	NA	NA	NA	NA	NA	NA	NA
ABalpaapa	NA	NA	NA	NA	NA	NA	NA	NA	NA	NA	NA	NA	NA	NA	NA	NA	NA	NA	NA	NA	NA	NA	NA
ABalpaapaa	NA	NA	NA	NA	NA	NA	NA	NA	NA	NA	NA	NA	NA	NA	NA	NA	NA	NA	NA	NA	NA	NA	NA
ABalpaapaaa	250	67	70.1	36	59	60.8	47.6	39.3	54.7	54	32.7	49.8	57	49.8	66.6	112.5	71.6	72.9	53.3	135.2	82.5	137.8	141.1
ABalpaapaap	250	67	70.1	36	59	60.8	47.6	39.3	54.7	54	32.7	49.8	57	49.8	66.6	112.5	71.6	72.9	53.3	135.2	82.5	137.8	141.1
ABalpaapap	NA	NA	NA	NA	NA	NA	NA	NA	NA	NA	NA	NA	NA	NA	NA	NA	NA	NA	NA	NA	NA	NA	NA
ABalpaapapa	270	83.2	93.5	64.3	80.1	77.4	64.6	57.3	79.5	70	60.5	70.9	77.1	72.2	83.4	137.4	92	90.4	78.6	157	111.5	158.9	163.4
ABalpaapapp	270	83.2	93.5	64.3	80.1	77.4	64.6	57.3	79.5	70	60.5	70.9	77.1	72.2	83.4	137.4	92	86.2	78.6	157	111.5	158.9	163.4
ABalpaapp	NA	NA	NA	NA	NA	NA	NA	NA	NA	NA	NA	NA	NA	NA	NA	NA	NA	NA	NA	NA	NA	NA	NA
ABalpaappa	NA	NA	NA	NA	NA	NA	NA	NA	NA	NA	NA	NA	NA	NA	NA	NA	NA	NA	NA	NA	NA	NA	NA
ABalpaappaa	245	30.9	49.7	7.8	37.5	35	23	13	28.1	28.6	9.8	22.6	30.1	13.7	20.9	89.4	54.5	53.9	40.6	116.6	76.7	106.7	120.5
ABalpaappap	245	30.9	49.7	7.8	37.5	35	23	13	28.1	28.6	9.8	22.6	30.1	13.7	20.9	89.4	54.5	53.9	40.6	116.6	76.7	106.7	120.5
ABalpaappp	NA	NA	NA	NA	NA	NA	NA	NA	NA	NA	NA	NA	NA	NA	NA	NA	NA	NA	NA	NA	NA	NA	NA
ABalpaapppa	255	50.6	59.1	18.8	51.8	51.6	35.4	24.6	43	38.1	24.5	28.6	41.9	30.9	44.4	104.3	61.3	52.5	45.6	120	84	121.5	131.6
ABalpaapppp	255	50.6	59.1	18.8	51.8	51.6	35.4	24.6	43	38.1	24.5	28.6	41.9	30.9	44.4	104.3	61.3	61.2	45.6	120	84	121.5	131.6
ABalpap	NA	NA	NA	NA	NA	NA	NA	NA	NA	NA	NA	NA	NA	NA	NA	NA	NA	NA	NA	NA	NA	NA	NA
ABalpapa	NA	NA	NA	NA	NA	NA	NA	NA	NA	NA	NA	NA	NA	NA	NA	NA	NA	NA	NA	NA	NA	NA	NA
ABalpapaa	NA	NA	NA	NA	NA	NA	NA	NA	NA	NA	NA	NA	NA	NA	NA	NA	NA	NA	NA	NA	NA	NA	NA
ABalpapaaa	NA	NA	NA	NA	NA	NA	NA	NA	NA	NA	NA	NA	NA	NA	NA	NA	NA	NA	NA	NA	NA	NA	NA
ABalpapaaaa	265	63.7	65.4	29.8	50	55.3	37	37.7	53	41.4	31.1	46.8	43.5	43	58.8	97.6	61.3	62.6	59.7	126.7	88.3	129.6	133.2
ABalpapaaap	265	63.7	65.4	29.8	50	55.3	37	37.7	53	41.4	31.1	46.8	43.5	43	58.8	97.6	61.3	62.6	54.7	126.7	88.3	129.6	133.2
ABalpapaap	NA	NA	NA	NA	NA	NA	NA	NA	NA	NA	NA	NA	NA	NA	NA	NA	NA	NA	NA	NA	NA	NA	NA
ABalpapaapa	240	47.3	43.6	9.4	26.8	35	16.9	13	23.2	28.6	21.3	19.6	21.7	22.3	36.6	84.5	37.5	36.5	43.1	114.9	73.7	114.9	115.7
ABalpapaapp	50	47.3	43.6	9.4	26.8	35	16.9	13	23.2	28.6	21.3	19.6	20	22.3	36.6	84.5	37.5	39.3	43.1	86.2	46.2	59.3	39.5
ABalpapap	NA	NA	NA	NA	NA	NA	NA	NA	NA	NA	NA	NA	NA	NA	NA	NA	NA	NA	NA	NA	NA	NA	NA
ABalpapapa	NA	NA	NA	NA	NA	NA	NA	NA	NA	NA	NA	NA	NA	NA	NA	NA	NA	NA	NA	NA	NA	NA	NA
ABalpapapaa	265	53.8	63.9	32.9	53.6	55.3	37	36	51.4	43	36	46.8	43.5	46.4	54.9	102.6	61.3	65.6	55.8	128.4	88.3	131.3	134.8
ABalpapapap	NA	53.8	63.9	32.9	53.6	55.3	37	36	51.4	43	36	46.8	43.5	46.4	54.9	102.6	61.3	65.6	55.8	NA	88.3	NA	NA
ABalpapapapa	35	NA	NA	NA	NA	NA	NA	NA	NA	NA	NA	NA	NA	NA	NA	NA	NA	NA	NA	18.6	NA	27.8	17.4
ABalpapapapp	160	NA	NA	NA	NA	NA	NA	NA	NA	NA	NA	NA	NA	NA	NA	NA	NA	NA	NA	18.6	NA	27.8	17.4
ABalpapapp	NA	NA	NA	NA	NA	NA	NA	NA	NA	NA	NA	NA	NA	NA	NA	NA	NA	NA	NA	NA	NA	NA	NA
ABalpapappa	30	52.2	54.5	23.5	28.6	44.2	30.8	27.8	36.4	30.2	26.1	34.7	35.2	32.7	40.5	91.1	52.8	52.5	44.5	98	65	108.4	46
ABalpapappp	245	52.2	54.5	23.5	28.6	44.2	30.8	27.8	36.4	30.2	26.1	34.7	35.2	32.7	40.5	91.1	52.8	20.4	44.5	114.9	73.7	116.6	123.7
ABalpapp	NA	NA	NA	NA	NA	NA	NA	NA	NA	NA	NA	NA	NA	NA	NA	NA	NA	NA	NA	NA	NA	NA	NA
ABalpappa	NA	NA	NA	NA	NA	NA	NA	NA	NA	NA	NA	NA	NA	NA	NA	NA	NA	NA	NA	NA	NA	NA	NA
ABalpappaa	NA	NA	NA	NA	NA	NA	NA	NA	NA	NA	NA	NA	NA	NA	NA	NA	NA	NA	NA	NA	NA	NA	NA
ABalpappaaa	35	63.7	59.1	25.1	33.9	55.3	41.6	37.7	44.7	38.1	31.1	42.2	35.2	24.1	39.2	72.7	59.7	61.3	54.5	60.9	62.3	60.6	31.7
ABalpappaap	NA	63.7	59.1	25.1	33.9	55.3	41.6	37.7	44.7	38.1	31.1	42.2	35.2	44.7	54.9	105.9	63	61.3	54.5	NA	86.8	NA	NA
ABalpappaapa	160	NA	NA	NA	NA	NA	NA	NA	NA	NA	NA	NA	NA	NA	NA	NA	NA	NA	NA	28.7	NA	29.4	26.9
ABalpappaapp	30	NA	NA	NA	NA	NA	NA	NA	NA	NA	NA	NA	NA	NA	NA	NA	NA	NA	NA	28.7	NA	29.4	26.9
ABalpappap	NA	NA	NA	NA	NA	NA	NA	NA	NA	NA	NA	NA	NA	NA	NA	NA	NA	NA	NA	NA	NA	NA	NA
ABalpappapa	280	76.7	77.9	50.2	66	70.1	55.4	50.9	62.9	60.4	45.8	64.8	60.3	65.2	76.9	122.6	80.1	86	71.1	150.3	107.2	152.5	153.8
ABalpappapp	280	76.7	77.9	50.2	66	70.1	55.4	50.9	62.9	60.4	45.8	64.8	60.3	65.2	76.9	122.6	80.1	86	71.1	150.3	107.2	152.5	153.8
ABalpappp	NA	NA	NA	NA	NA	NA	NA	NA	NA	NA	NA	NA	NA	NA	NA	NA	NA	NA	NA	NA	NA	NA	NA
ABalpapppa	NA	NA	NA	112.8	NA	NA	NA	NA	NA	NA	109.6	NA	NA	NA	NA	NA	NA	NA	NA	NA	NA	NA	NA
ABalpapppaa	230	27.8	21.7	NA	7.1	12.9	4.6	6.4	24.8	3.2	NA	6	10	12	13.1	77.8	39.2	27.8	26.6	86.2	60.7	98.5	104.6
ABalpapppap	50	27.8	21.7	NA	7.1	12.9	4.6	6.4	24.8	3.2	NA	6	10	12	13.1	38.2	39.2	37.9	26.6	66	60.7	75.6	39.5
ABalpapppp	NA	NA	NA	NA	NA	NA	NA	NA	NA	NA	NA	NA	NA	NA	NA	NA	NA	NA	NA	NA	NA	NA	NA
ABalpappppa	290	83.2	87.2	58	78.3	75.6	60	59	74.6	68.4	60.5	72.4	68.7	70.5	83.4	129.1	90.3	94.9	76.1	147	117.4	155.7	160.2
ABalpappppp	290	83.2	87.2	58	78.3	75.6	60	59	74.6	68.4	60.5	72.4	68.7	70.5	83.4	129.1	90.3	94.9	76.1	147	117.4	155.7	160.2
ABalpp	NA	NA	NA	NA	NA	NA	NA	NA	NA	NA	NA	NA	NA	NA	NA	NA	NA	NA	NA	NA	NA	NA	NA
ABalppa	NA	NA	NA	NA	NA	NA	NA	NA	NA	NA	NA	NA	NA	NA	NA	NA	NA	NA	NA	NA	NA	NA	NA
ABalppaa	NA	NA	NA	NA	NA	NA	NA	NA	NA	NA	NA	NA	NA	NA	NA	NA	NA	NA	NA	NA	NA	NA	NA
ABalppaaa	NA	NA	NA	NA	NA	NA	NA	NA	NA	NA	NA	NA	NA	NA	NA	NA	NA	NA	NA	NA	NA	NA	NA
ABalppaaaa	25	114.2	93.3	97.1	81.3	88	90.7	93.5	107.7	100.1	86.7	98.1	97.2	96.3	28.8	94.3	85.1	108	46.8	64.1	31.7	29.2	26.8
ABalppaaap	NA	NA	NA	NA	NA	NA	NA	NA	NA	NA	NA	NA	NA	NA	NA	NA	NA	NA	NA	NA	NA	NA	NA
ABalppaaapa	250	32.6	38.9	21.9	35.7	31.3	12.3	16.3	29.8	25.5	11.5	25.7	20	15.5	20.9	89.4	42.6	48.1	34.2	108.1	66.5	114.9	122.2
ABalppaaapp	250	32.6	38.9	21.9	35.7	31.3	12.3	16.3	29.8	25.5	11.5	25.7	20	15.5	20.9	89.4	42.6	48.1	34.2	108.1	66.5	114.9	122.2
ABalppaap	NA	NA	NA	NA	NA	NA	NA	NA	NA	NA	NA	NA	NA	NA	NA	NA	NA	NA	NA	NA	NA	NA	NA
ABalppaapa	25	115.8	122.9	97.1	65.2	108.3	95.3	100	109.4	79.4	90	104.2	102.1	86	29.8	129	83.2	100.7	71.1	67.3	23	97.6	49
ABalppaapp	NA	NA	NA	NA	NA	NA	NA	NA	NA	NA	NA	NA	NA	NA	NA	NA	NA	NA	NA	NA	NA	NA	NA
ABalppaappa	105	40.8	45.1	25.1	37.5	27.6	13.8	16.3	29.8	22.3	8.1	33.2	28.4	25.8	34	87.7	51.1	46.6	27.9	114.9	76.7	113.2	119
ABalppaappp	245	40.8	45.1	25.1	37.5	27.6	13.8	16.3	29.8	22.3	8.1	33.2	28.4	25.8	34	87.7	51.1	48.1	27.9	114.9	76.7	113.2	119
ABalppap	NA	NA	NA	NA	NA	NA	NA	NA	NA	NA	NA	NA	NA	NA	NA	NA	NA	NA	NA	NA	NA	NA	NA
ABalppapa	NA	NA	NA	NA	NA	NA	NA	NA	NA	NA	NA	NA	NA	NA	NA	NA	NA	NA	NA	NA	NA	NA	NA
ABalppapaa	NA	NA	NA	NA	NA	NA	NA	NA	NA	NA	NA	NA	NA	NA	NA	NA	NA	NA	NA	NA	NA	NA	NA
ABalppapaaa	250	40.8	45.1	17.2	37.5	40.5	24.6	24.6	36.4	25.5	19.6	31.7	31.8	25.8	45.8	91.1	54.5	49.6	29.2	116.6	73.7	114.9	128.4
ABalppapaap	250	40.8	45.1	17.2	37.5	40.5	24.6	24.6	36.4	25.5	19.6	31.7	31.8	25.8	45.8	91.1	54.5	49.6	29.2	116.6	73.7	114.9	128.4
ABalppapap	NA	NA	NA	NA	NA	NA	NA	NA	NA	NA	NA	NA	NA	NA	NA	NA	NA	NA	NA	NA	NA	NA	NA
ABalppapapa	255	52.2	56	26.6	39.3	40.5	33.8	36	38.1	31.8	21.3	31.7	35.2	39.5	48.3	89.4	56.2	56.8	46.9	118.3	79.6	126.4	130.1
ABalppapapp	255	52.2	56	26.6	39.3	40.5	33.8	36	38.1	31.8	21.3	31.7	35.2	39.5	48.3	89.4	56.2	56.8	46.9	118.3	79.6	126.4	130.1
ABalppapp	NA	NA	NA	NA	NA	NA	NA	NA	NA	NA	NA	NA	NA	NA	NA	NA	NA	NA	NA	NA	NA	NA	NA
ABalppappa	NA	NA	NA	NA	NA	NA	NA	NA	NA	NA	NA	NA	NA	NA	NA	NA	NA	NA	NA	NA	NA	NA	NA
ABalppappaa	260	49.1	49.7	31.3	46.5	49.8	33.8	36	44.7	31.8	26.1	40.7	35.2	41.3	49.5	102.6	59.6	61.2	44.5	126.7	76.7	119.8	134.8
ABalppappap	260	49.1	49.7	31.3	46.5	49.8	33.8	36	44.7	31.8	26.1	40.7	35.2	41.3	49.5	102.6	59.6	61.2	44.5	126.7	76.7	119.8	134.8
ABalppappp	NA	NA	NA	NA	NA	NA	NA	NA	NA	NA	NA	NA	NA	NA	NA	NA	NA	NA	NA	NA	NA	NA	NA
ABalppapppa	NA	63.7	66.9	39.2	59	55.3	46.2	45.9	51.4	23.9	37.6	43.7	50.3	51.5	57.3	102.6	69.9	75.8	60.8	NA	92.7	NA	NA
ABalppapppaa	140	NA	NA	NA	NA	NA	NA	NA	NA	NA	NA	NA	NA	NA	NA	NA	NA	NA	NA	16.9	NA	6.4	12.5
ABalppapppap	30	NA	NA	NA	NA	NA	NA	NA	NA	NA	NA	NA	NA	NA	NA	NA	NA	NA	NA	16.9	NA	6.4	12.5
ABalppapppp	265	63.7	66.9	39.2	59	55.3	46.2	45.9	51.4	23.9	37.6	43.7	50.3	51.5	57.3	102.6	69.9	61.3	60.8	135.2	92.7	136.2	142.8
ABalppp	NA	NA	NA	NA	NA	NA	NA	NA	NA	NA	NA	NA	NA	NA	NA	NA	NA	NA	NA	NA	NA	NA	NA
ABalpppa	NA	NA	NA	NA	NA	NA	NA	NA	NA	NA	NA	NA	NA	NA	NA	NA	NA	NA	NA	NA	NA	NA	NA
ABalpppaa	NA	NA	NA	NA	NA	NA	NA	NA	NA	NA	NA	NA	NA	NA	NA	NA	NA	NA	NA	NA	NA	NA	NA
ABalpppaaa	NA	NA	NA	NA	NA	NA	NA	NA	NA	NA	NA	NA	NA	NA	NA	NA	NA	NA	NA	NA	NA	NA	NA
ABalpppaaaa	235	35.9	40.5	14.1	17.8	33.2	16.9	9.8	26.5	25.5	9.8	22.6	25.2	18.9	7.9	76.1	42.6	48.1	33	109.9	69.3	110	120.5
ABalpppaaap	235	35.9	40.5	14.1	17.8	33.2	16.9	9.8	26.5	25.5	9.8	22.6	25.2	18.9	7.9	76.1	42.6	45.3	33	109.9	69.3	110	120.5
ABalpppaap	NA	NA	NA	NA	NA	NA	NA	NA	NA	NA	NA	NA	NA	NA	NA	NA	NA	NA	NA	NA	NA	NA	NA
ABalpppaapd	225	26.2	34.2	1.5	10.7	25.8	13.8	9.8	23.2	15.9	6.5	15	18.4	18.9	19.6	72.8	34	39.4	25.4	104.7	69.3	110	111
ABalpppaapv	25	26.2	34.2	1.5	10.7	25.8	13.8	9.8	23.2	15.9	6.5	15	18.4	18.9	19.6	72.8	34	16	25.4	104.7	69.3	110	87.2
ABalpppap	NA	NA	NA	NA	NA	NA	NA	NA	NA	NA	NA	NA	NA	NA	NA	NA	NA	NA	NA	NA	NA	NA	NA
ABalpppapa	NA	NA	NA	NA	NA	NA	NA	NA	NA	NA	NA	NA	NA	NA	NA	NA	NA	NA	NA	NA	NA	NA	NA
ABalpppapad	250	42.5	56	29.8	42.9	51.6	27.6	26.1	46.4	35	21.3	39.3	38.5	41.3	41.8	89.4	61.3	62.6	45.6	120	73.7	131.3	125.2
ABalpppapav	250	42.5	56	29.8	42.9	51.6	27.6	26.1	46.4	35	21.3	39.3	38.5	41.3	41.8	89.4	61.3	62.6	45.6	120	73.7	131.3	125.2
ABalpppapp	NA	NA	NA	NA	NA	NA	NA	NA	NA	NA	NA	NA	NA	NA	NA	NA	NA	58.3	NA	NA	NA	NA	NA
ABalpppappa	25	60.4	68.4	36	55.4	51.6	41.6	42.6	58	49.3	36	45.3	51.9	27.5	36.4	89.5	23.8	NA	33	44	33.3	26.2	30.1
ABalpppappp	NA	60.4	68.4	36	55.4	55.3	41.6	42.6	58	49.3	36	45.3	51.9	44.7	56	99.4	69.9	NA	59.7	NA	NA	NA	NA
ABalpppapppa	170	NA	NA	NA	NA	NA	NA	NA	NA	NA	NA	NA	NA	NA	NA	NA	NA	NA	NA	45.6	1.4	60.8	47.5
ABalpppapppp	25	NA	NA	NA	NA	NA	NA	NA	NA	NA	NA	NA	NA	NA	NA	NA	NA	NA	NA	23.7	1.4	60.8	6.3
ABalpppp	NA	NA	NA	NA	NA	NA	NA	NA	NA	NA	NA	NA	NA	NA	NA	NA	NA	NA	NA	NA	NA	NA	NA
ABalppppa	NA	NA	NA	NA	NA	NA	NA	NA	NA	NA	NA	NA	NA	NA	NA	NA	NA	NA	NA	NA	NA	NA	NA
ABalppppaa	NA	NA	NA	NA	NA	NA	NA	NA	NA	NA	NA	NA	NA	NA	NA	NA	NA	NA	NA	NA	NA	NA	NA
ABalppppaad	260	44.1	49.7	26.6	42.9	47.9	26.2	37.7	48.1	36.5	29.5	42.2	40.2	36.1	48.3	79.5	63	58.4	46.9	131.8	79.6	129.6	123.7
ABalppppaav	45	44.1	49.7	26.6	42.9	47.9	26.2	37.7	48.1	36.5	29.5	42.2	40.2	18.9	36.6	79.5	63	58.4	34.2	55.8	27.5	53.9	33.3
ABalppppap	NA	NA	NA	NA	NA	NA	NA	NA	NA	NA	NA	NA	NA	NA	NA	NA	NA	NA	NA	NA	NA	NA	NA
ABalppppapa	NA	57.1	62.3	26.6	51.8	57.1	40	37.7	53	11.1	32.7	45.3	45.4	44.7	50.8	92.7	69.9	56.9	53.3	NA	89.8	NA	NA
ABalppppapaa	140	NA	NA	NA	NA	NA	NA	NA	NA	NA	NA	NA	NA	NA	NA	NA	NA	NA	NA	33.8	NA	29.4	17.4
ABalppppapap	30	NA	NA	NA	NA	NA	NA	NA	NA	NA	NA	NA	NA	NA	NA	NA	NA	NA	NA	33.8	NA	29.4	17.4
ABalppppapp	20	57.1	62.3	26.6	51.8	57.1	40	37.7	53	41.4	32.7	45.3	45.4	27.5	31.2	92.7	37.6	58.4	31.7	81.1	27.6	22.8	38
ABalppppp	NA	NA	NA	NA	NA	NA	NA	NA	NA	NA	NA	NA	NA	NA	NA	NA	NA	NA	NA	NA	NA	NA	NA
ABalpppppa	NA	NA	NA	NA	NA	NA	NA	NA	NA	NA	NA	NA	NA	NA	NA	NA	NA	NA	NA	NA	NA	NA	NA
ABalpppppaa	270	65.3	68.4	37.6	53.6	53.5	44.6	42.6	58	47.7	36	51.3	47	44.7	62.7	109.3	68.1	72.9	57.2	133.5	86.8	139.4	134.8
ABalpppppap	270	65.3	68.4	37.6	53.6	53.5	44.6	42.6	58	47.7	36	51.3	47	44.7	62.7	109.3	68.1	72.9	57.2	133.5	86.8	139.4	134.8
ABalpppppp	NA	NA	NA	NA	NA	NA	NA	NA	NA	NA	NA	NA	NA	NA	NA	NA	NA	NA	NA	NA	NA	NA	NA
ABalppppppa	NA	NA	90.1	59.6	NA	77.4	66.1	62.3	77.9	66.8	60.5	70.9	78.8	68.8	80.8	NA	NA	NA	77.4	NA	NA	NA	NA
ABalppppppaa	200	1.6	NA	NA	19.6	NA	NA	NA	NA	NA	NA	NA	NA	NA	NA	49.6	4.9	11.6	NA	74.3	27.4	74.1	71.4
ABalppppppap	35	1.6	NA	NA	17.8	NA	NA	NA	NA	NA	NA	NA	NA	NA	NA	49.6	4.9	11.6	NA	28.7	27.4	47.9	23.9
ABalppppppp	NA	NA	90.1	59.6	NA	77.4	66.1	62.3	NA	66.8	60.5	70.9	NA	68.8	80.8	NA	NA	NA	77.4	NA	NA	NA	NA
ABalpppppppa	200	6.4	NA	NA	41.2	NA	NA	NA	4.9	NA	NA	NA	1.6	NA	NA	62.9	22	21.8	NA	84.5	37.6	80.5	76.1
ABalpppppppp	200	6.4	NA	NA	41.2	NA	NA	NA	4.9	NA	NA	NA	1.6	NA	NA	62.9	22	21.8	NA	84.5	37.6	80.5	76.1
ABar	NA	NA	NA	NA	NA	NA	NA	NA	NA	NA	NA	NA	NA	NA	NA	NA	NA	NA	NA	NA	NA	NA	NA
ABara	NA	NA	NA	NA	NA	NA	NA	NA	NA	NA	NA	NA	NA	NA	NA	NA	NA	NA	NA	NA	NA	NA	NA
ABaraa	NA	NA	NA	NA	NA	NA	NA	NA	NA	NA	NA	NA	NA	NA	NA	NA	NA	NA	NA	NA	NA	NA	NA
ABaraaa	NA	NA	NA	NA	NA	NA	NA	NA	NA	NA	NA	NA	NA	NA	NA	NA	NA	NA	NA	NA	NA	NA	NA
ABaraaaa	NA	NA	NA	NA	NA	NA	NA	NA	NA	NA	NA	NA	NA	NA	NA	NA	NA	NA	NA	NA	NA	NA	NA
ABaraaaaa	NA	NA	NA	NA	NA	NA	NA	NA	NA	NA	NA	NA	NA	NA	NA	NA	NA	NA	NA	NA	NA	NA	NA
ABaraaaaaa	NA	NA	NA	NA	NA	NA	NA	NA	NA	NA	NA	NA	NA	NA	NA	NA	NA	NA	NA	NA	NA	NA	NA
ABaraaaaaaa	225	39.1	34.2	3.1	14.3	35	6.1	19.6	33.2	28.6	4.8	18.1	31.8	10.3	28.6	87.7	35.8	24.8	21.5	109.9	72.3	106.7	115.7
ABaraaaaaap	225	39.1	34.2	3.1	14.3	35	6.1	19.6	33.2	28.6	4.8	18.1	31.8	10.3	28.6	87.7	35.8	32	21.5	109.9	72.3	106.7	115.7
ABaraaaaap	NA	NA	NA	NA	NA	NA	NA	NA	NA	NA	NA	NA	NA	NA	NA	NA	NA	NA	NA	NA	NA	NA	NA
ABaraaaaapa	220	35.9	38.9	4.7	16.1	33.2	9.2	18	29.8	20.7	13.1	18.1	33.6	5	14.4	79.5	44.3	39.3	46.9	103.1	73.7	108.4	112.6
ABaraaaaapp	220	35.9	38.9	4.7	16.1	33.2	9.2	18	29.8	20.7	13.1	18.1	33.6	5	14.4	79.5	44.3	39.3	46.9	103.1	73.7	108.4	112.6
ABaraaaap	NA	NA	NA	NA	NA	NA	NA	NA	NA	NA	NA	NA	NA	NA	NA	NA	NA	NA	NA	NA	NA	NA	NA
ABaraaaapa	NA	NA	NA	79.9	NA	NA	NA	NA	NA	NA	88.4	NA	NA	91.1	101.7	NA	NA	NA	NA	NA	NA	NA	NA
ABaraaaapaa	45	16.4	20.2	NA	23.2	22.1	3	3.2	11.6	7.9	NA	1.4	13.3	NA	NA	67.9	17	23.3	10	42.3	54.9	33.1	31.6
ABaraaaapap	225	16.4	20.2	NA	17.8	22.1	3	3.2	11.6	7.9	NA	1.4	13.3	NA	NA	67.9	17	23.3	10	96.3	54.9	78.9	96.7
ABaraaaapp	35	109.2	113.7	79.9	99.3	110	90.7	96.7	99.4	100.1	88.4	92	102.1	54.9	20.9	158.9	57.9	102.2	73.6	184	86.9	144	53.7
ABaraaap	NA	NA	NA	NA	NA	NA	NA	NA	NA	NA	NA	NA	NA	NA	NA	NA	NA	NA	NA	NA	NA	NA	NA
ABaraaapa	NA	NA	NA	NA	NA	NA	NA	NA	NA	NA	NA	NA	NA	NA	NA	NA	NA	NA	NA	NA	NA	NA	NA
ABaraaapaa	NA	NA	NA	NA	NA	NA	NA	NA	NA	NA	NA	NA	NA	NA	NA	NA	NA	NA	NA	NA	NA	NA	NA
ABaraaapaaa	255	63.7	66.9	37.6	46.5	55.3	27.6	37.7	46.4	35	31.1	43.7	50.3	44.7	60.1	97.7	64.7	58.4	24.1	136.9	95.5	134.6	139.6
ABaraaapaap	255	63.7	66.9	37.6	46.5	55.3	27.6	37.7	46.4	35	31.1	43.7	50.3	44.7	60.1	107.7	64.7	33.6	24.1	136.9	95.5	134.6	139.6
ABaraaapap	NA	NA	NA	NA	NA	NA	NA	NA	NA	NA	NA	NA	NA	NA	NA	NA	NA	NA	NA	NA	NA	NA	NA
ABaraaapapa	270	76.7	81	50.2	64.2	75.6	46.2	55.8	64.6	50.9	49.1	64.8	68.7	63.5	75.6	122.6	81.8	78.7	58.4	148.6	110	147.6	153.8
ABaraaapapp	270	76.7	81	50.2	64.2	75.6	46.2	55.8	64.6	50.9	49.1	64.8	68.7	63.5	75.6	122.6	81.8	78.7	58.4	148.6	110	147.6	153.8
ABaraaapp	NA	NA	NA	NA	NA	NA	NA	NA	NA	NA	NA	NA	NA	NA	NA	NA	NA	NA	NA	NA	NA	NA	NA
ABaraaappa	NA	NA	NA	NA	NA	NA	NA	NA	NA	NA	NA	NA	NA	NA	NA	NA	NA	NA	NA	NA	NA	NA	NA
ABaraaappaa	245	40.8	46.8	1.5	19.6	27.6	10.7	13	24.8	17.4	8.1	24.1	25.2	15.5	28.6	81	32.2	29.1	36.7	114.9	70.8	113.2	109.3
ABaraaappap	245	40.8	46.8	1.5	19.6	27.6	10.7	13	24.8	17.4	8.1	24.1	25.2	15.5	28.6	81	32.2	27.7	36.7	114.9	70.8	113.2	109.3
ABaraaappp	NA	NA	NA	NA	NA	NA	NA	NA	NA	NA	NA	NA	NA	NA	NA	NA	NA	NA	NA	NA	NA	NA	NA
ABaraaapppa	250	47.3	54.5	21.9	28.6	49.8	26.2	24.6	29.8	31.8	14.6	33.2	40.2	29.2	35.3	99.4	46	33.6	40.6	123.3	82.5	124.7	123.7
ABaraaapppp	250	47.3	54.5	21.9	28.6	49.8	26.2	24.6	29.8	31.8	14.6	33.2	40.2	29.2	35.3	99.4	46	46.6	40.6	123.3	82.5	124.7	123.7
ABaraap	NA	NA	NA	NA	NA	NA	NA	NA	NA	NA	NA	NA	NA	NA	NA	NA	NA	NA	NA	NA	NA	NA	NA
ABaraapa	NA	NA	NA	NA	NA	NA	NA	NA	NA	NA	NA	NA	NA	NA	NA	NA	NA	NA	NA	NA	NA	NA	NA
ABaraapaa	NA	NA	NA	NA	NA	NA	NA	NA	NA	NA	NA	NA	NA	NA	NA	NA	NA	NA	NA	NA	NA	NA	NA
ABaraapaaa	NA	NA	NA	NA	NA	NA	NA	NA	NA	NA	NA	NA	NA	NA	NA	NA	NA	NA	NA	NA	NA	NA	NA
ABaraapaaaa	250	52.2	57.6	14.1	23.2	42.4	29.2	31.1	34.7	28.6	18	36.2	30.1	24.1	45.8	92.7	54.5	51	36.7	121.6	75.3	119.8	123.7
ABaraapaaap	250	52.2	57.6	14.1	23.2	42.4	29.2	31.1	34.7	28.6	18	36.2	30.1	24.1	45.8	92.7	54.5	51	36.7	121.6	75.3	119.8	123.7
ABaraapaap	NA	NA	NA	NA	NA	NA	NA	NA	NA	NA	NA	NA	NA	NA	NA	NA	NA	NA	NA	NA	NA	NA	NA
ABaraapaapa	265	60.4	71.6	31.3	41.1	57.1	40	42.6	48.1	46.1	32.7	51.3	47	43	58.8	107.7	64.7	68.5	52	136.9	92.7	132.9	137.9
ABaraapaapp	265	60.4	71.6	31.3	41.1	57.1	40	42.6	48.1	46.1	32.7	51.3	47	43	58.8	107.7	64.7	68.5	52	136.9	92.7	132.9	137.9
ABaraapap	NA	NA	NA	NA	NA	NA	NA	NA	NA	NA	NA	NA	NA	NA	NA	NA	NA	NA	NA	NA	NA	NA	NA
ABaraapapa	NA	NA	NA	NA	NA	NA	NA	NA	NA	NA	NA	NA	NA	NA	NA	NA	NA	NA	NA	NA	NA	NA	NA
ABaraapapaa	NA	73.4	82.5	54.9	64.2	75.6	50.8	54.1	66.3	58.8	44.2	55.8	61.9	61.8	67.9	117.6	81.8	81.7	68.5	NA	101.3	NA	NA
ABaraapapaad	25	NA	NA	NA	NA	NA	NA	NA	NA	NA	NA	NA	NA	NA	NA	NA	NA	NA	NA	3.2	NA	8.1	6.2
ABaraapapaav	140	NA	NA	NA	NA	NA	NA	NA	NA	NA	NA	NA	NA	NA	NA	NA	NA	NA	NA	3.2	NA	8.1	6.2
ABaraapapap	270	73.4	82.5	54.9	64.2	75.6	50.8	54.1	66.3	58.8	44.2	55.8	61.9	61.8	67.9	117.6	81.8	81.7	68.5	147	101.3	150.8	150.7
ABaraapapp	NA	NA	NA	NA	NA	NA	NA	NA	NA	NA	NA	NA	NA	NA	NA	NA	NA	NA	NA	NA	NA	NA	NA
ABaraapappa	225	39.1	29.4	12.5	8.9	38.7	6.1	19.6	29.8	25.5	13.1	31.7	26.8	27.5	34	87.7	32.2	39.3	22.8	104.7	65	116.6	120.5
ABaraapappp	225	39.1	29.4	12.5	8.9	38.7	6.1	19.6	29.8	25.5	13.1	31.7	26.8	27.5	34	87.7	32.2	39.3	22.8	104.7	65	116.6	120.5
ABaraapp	NA	NA	NA	NA	NA	NA	NA	NA	NA	NA	NA	NA	NA	NA	NA	NA	NA	NA	NA	NA	NA	NA	NA
ABaraappa	NA	NA	NA	NA	NA	NA	NA	NA	NA	NA	NA	NA	NA	NA	NA	NA	NA	NA	NA	NA	NA	NA	NA
ABaraappaa	NA	NA	NA	NA	NA	NA	NA	NA	NA	NA	NA	NA	NA	NA	NA	NA	NA	NA	NA	NA	NA	NA	NA
ABaraappaaa	245	45.7	49.7	4.7	30.4	38.7	18.4	24.6	36.4	30.2	27.8	39.3	38.5	29.2	50.8	92.7	52.8	49.6	39.3	126.7	76.7	126.4	125.2
ABaraappaap	245	45.7	49.7	4.7	30.4	38.7	18.4	24.6	36.4	30.2	27.8	39.3	38.5	29.2	50.8	92.7	52.8	49.6	39.3	126.7	76.7	126.4	125.2
ABaraappap	NA	NA	NA	NA	NA	NA	NA	NA	NA	NA	NA	NA	NA	NA	NA	NA	NA	NA	NA	NA	NA	NA	NA
ABaraappapa	265	63.7	73.1	29.8	55.4	59	38.4	44.3	54.7	50.9	45.8	52.9	57	49.8	62.7	109.3	75	71.4	60.8	141.9	95.5	139.4	141.1
ABaraappapp	265	63.7	73.1	29.8	55.4	59	38.4	44.3	54.7	50.9	45.8	52.9	57	49.8	62.7	109.3	75	71.4	60.8	141.9	95.5	139.4	141.1
ABaraappp	NA	NA	NA	NA	NA	NA	NA	NA	NA	NA	NA	NA	NA	NA	NA	NA	NA	NA	NA	NA	NA	NA	NA
ABaraapppa	NA	NA	NA	NA	NA	NA	NA	NA	NA	NA	NA	NA	NA	NA	NA	NA	NA	NA	NA	NA	NA	NA	NA
ABaraapppaa	NA	75	84	51.7	60.8	71.9	49.2	55.8	62.9	60.4	47.5	67.9	63.6	61.8	73	117.6	81.8	81.7	69.8	NA	102.8	149.2	146
ABaraapppaad	25	NA	NA	NA	NA	NA	NA	NA	NA	NA	NA	NA	NA	NA	NA	NA	NA	NA	NA	4.9	NA	NA	NA
ABaraapppaav	140	NA	NA	NA	NA	NA	NA	NA	NA	NA	NA	NA	NA	NA	NA	NA	NA	NA	NA	4.9	NA	NA	NA
ABaraapppap	270	75	84	51.7	60.8	71.9	49.2	55.8	62.9	60.4	47.5	67.9	63.6	61.8	73	117.6	81.8	81.7	69.8	153.7	102.8	149.2	146
ABaraapppp	NA	NA	NA	NA	NA	NA	NA	NA	NA	NA	NA	NA	NA	NA	NA	NA	NA	NA	NA	NA	NA	NA	NA
ABaraappppa	230	32.6	43.6	4.7	19.6	33.2	15.4	18	28.1	31.8	8.1	34.7	25.2	32.7	24.7	86	44.3	42.2	31.7	113.2	68	110	114.2
ABaraappppp	230	32.6	43.6	4.7	19.6	33.2	15.4	18	28.1	31.8	8.1	34.7	25.2	32.7	24.7	86	44.3	42.2	31.7	113.2	68	110	114.2
ABarap	NA	NA	NA	NA	NA	NA	NA	NA	NA	NA	NA	NA	NA	NA	NA	NA	NA	NA	NA	NA	NA	NA	NA
ABarapa	NA	NA	NA	NA	NA	NA	NA	NA	NA	NA	NA	NA	NA	NA	NA	NA	NA	NA	NA	NA	NA	NA	NA
ABarapaa	NA	NA	NA	NA	NA	NA	NA	NA	NA	NA	NA	NA	NA	NA	NA	NA	NA	NA	NA	NA	NA	NA	NA
ABarapaaa	NA	NA	NA	NA	NA	NA	NA	NA	NA	NA	NA	NA	NA	NA	NA	NA	NA	NA	NA	NA	NA	NA	NA
ABarapaaaa	NA	NA	NA	NA	NA	NA	NA	NA	NA	NA	NA	NA	NA	NA	NA	NA	NA	NA	NA	NA	NA	NA	NA
ABarapaaaaa	230	42.5	43.6	15.7	32.2	40.5	23	13	26.5	30.2	9.8	31.7	28.4	32.7	44.4	89.4	47.7	29.2	43.1	123.3	75.3	119.8	125.2
ABarapaaaap	230	42.5	43.6	15.7	32.2	40.5	23	13	26.5	30.2	9.8	31.7	25.2	12.1	44.4	89.4	47.7	17.5	43.1	123.3	75.3	119.8	125.2
ABarapaaap	NA	NA	NA	97.1	NA	NA	NA	NA	NA	NA	NA	NA	NA	NA	NA	NA	NA	NA	NA	NA	NA	NA	NA
ABarapaaapa	225	34.3	43.6	NA	12.5	25.8	13.8	9.8	6.5	7.9	4.8	22.6	23.5	20.6	32.7	72.8	39.2	26.2	35.5	114.9	65	105	111
ABarapaaapp	40	34.3	43.6	NA	12.5	25.8	13.8	9.8	6.5	7.9	4.8	22.6	23.5	20.6	32.7	72.8	39.2	27.7	35.5	94.7	30.4	26	38
ABarapaap	NA	NA	NA	NA	NA	NA	NA	NA	NA	NA	NA	NA	NA	NA	NA	NA	NA	NA	NA	NA	NA	NA	NA
ABarapaapa	NA	NA	NA	NA	NA	NA	NA	NA	NA	NA	NA	NA	NA	NA	NA	NA	NA	NA	NA	NA	NA	NA	NA
ABarapaapaa	210	34.3	35.7	15.7	17.8	31.3	12.3	16.3	16.5	6.4	3.3	15	18.4	27.5	41.8	82.8	32.2	11.7	31.7	118.3	56.3	110	119
ABarapaapap	30	34.3	35.7	15.7	17.8	31.3	12.3	16.3	16.5	6.4	3.3	15	18.4	27.5	41.8	82.8	32.2	11.7	31.7	65.9	37.6	27.8	34.9
ABarapaapp	NA	NA	NA	NA	NA	NA	NA	NA	NA	NA	NA	NA	NA	NA	NA	NA	NA	NA	NA	NA	NA	NA	NA
ABarapaappa	265	70.1	71.6	50.2	60.8	68.2	46.2	54.1	58	57.2	40.8	48.3	60.3	60.1	70.5	115.9	73.3	74.4	67.2	150.3	98.5	147.6	149
ABarapaappp	265	70.1	71.6	50.2	60.8	68.2	46.2	54.1	58	57.2	40.8	57.3	60.3	60.1	70.5	115.9	73.3	74.4	67.2	150.3	98.5	147.6	149
ABarapap	NA	NA	NA	NA	NA	NA	NA	NA	NA	NA	NA	NA	NA	NA	NA	NA	NA	NA	NA	NA	NA	NA	NA
ABarapapa	NA	NA	NA	NA	NA	NA	NA	NA	NA	NA	NA	NA	NA	NA	NA	NA	NA	NA	NA	NA	NA	NA	NA
ABarapapaa	NA	NA	NA	NA	NA	NA	NA	NA	NA	NA	NA	NA	NA	NA	NA	NA	NA	NA	NA	NA	NA	NA	NA
ABarapapaaa	35	53.8	62.3	36	39.3	46.1	35.4	29.5	41.5	43	24.5	33.2	45.4	18.9	49.7	99.4	57.9	56.8	47.1	30.4	23.2	52.2	123.8
ABarapapaap	NA	53.8	62.3	36	39.3	46.1	35.4	29.5	41.5	43	24.5	33.2	45.4	39.5	58.8	NA	57.9	56.8	50.8	NA	78.1	NA	NA
ABarapapaapa	160	NA	NA	NA	NA	NA	NA	NA	NA	NA	NA	NA	NA	NA	NA	4.8	NA	NA	NA	33.8	NA	34.4	23.7
ABarapapaapp	30	NA	NA	NA	NA	NA	NA	NA	NA	NA	NA	NA	NA	NA	NA	4.8	NA	NA	NA	33.8	NA	34.4	23.7
ABarapapap	NA	NA	NA	NA	NA	NA	NA	NA	NA	NA	NA	NA	NA	NA	NA	NA	NA	NA	NA	NA	NA	NA	NA
ABarapapapa	270	70.1	60.7	43.9	53.6	59	47.6	37.7	49.7	50.9	34.3	54.3	55.2	49.8	67.9	112.5	66.4	70	64.7	138.5	94.1	141	144.3
ABarapapapp	270	70.1	60.7	43.9	53.6	59	47.6	37.7	49.7	50.9	34.3	54.3	55.2	49.8	67.9	112.5	66.4	70	64.7	138.5	94.1	141	144.3
ABarapapp	NA	NA	NA	NA	NA	NA	NA	NA	NA	NA	NA	NA	NA	NA	NA	NA	NA	NA	NA	NA	NA	NA	NA
ABarapappa	NA	NA	NA	112.8	NA	NA	NA	NA	NA	NA	NA	NA	NA	121.9	134.2	NA	NA	NA	NA	NA	NA	NA	NA
ABarapappaa	230	21.2	26.4	NA	8.9	18.4	1.5	8.1	11.6	3.2	3.3	1.4	6.7	NA	NA	66.2	23.7	36.5	13.8	92.9	43.4	100.2	91.9
ABarapappap	35	21.2	26.4	NA	8.9	18.4	1.5	8.1	11.6	3.2	3.3	1.4	6.7	NA	NA	66.2	23.7	36.5	13.8	55.8	36.2	69.1	36.3
ABarapappp	NA	NA	NA	NA	NA	NA	NA	NA	NA	NA	NA	NA	NA	NA	NA	NA	NA	NA	NA	NA	NA	NA	NA
ABarapapppa	290	81.6	85.6	59.6	76.5	79.3	61.5	63.9	66.3	70	55.7	69.4	72	72.2	80.8	130.7	85.2	87.5	73.6	158.7	112.9	160.5	158.7
ABarapapppp	290	81.6	85.6	59.6	76.5	79.3	61.5	63.9	66.3	70	55.7	69.4	72	72.2	80.8	130.7	85.2	84.7	73.6	158.7	112.9	160.5	158.7
ABarapp	NA	NA	NA	NA	NA	NA	NA	NA	NA	NA	NA	NA	NA	NA	NA	NA	NA	NA	NA	NA	NA	NA	NA
ABarappa	NA	NA	NA	NA	NA	NA	NA	NA	NA	NA	NA	NA	NA	NA	NA	NA	NA	NA	NA	NA	NA	NA	NA
ABarappaa	NA	NA	NA	NA	NA	NA	NA	NA	NA	NA	NA	NA	NA	NA	NA	NA	NA	NA	NA	NA	NA	NA	NA
ABarappaaa	NA	NA	NA	NA	NA	NA	NA	NA	NA	NA	NA	NA	NA	NA	NA	NA	NA	NA	NA	NA	NA	NA	NA
ABarappaaaa	245	39.1	38.9	7.8	17.8	36.9	13.8	19.6	29.8	23.9	18	30.1	23.5	24.1	44.4	76.1	49.4	45.2	50.8	118.3	65	111.6	120.5
ABarappaaap	55	39.1	38.9	7.8	17.8	36.9	13.8	19.6	29.8	23.9	18	30.1	23.5	24.1	44.4	86	49.4	45.2	50.8	118.3	36.1	70.6	69.8
ABarappaap	NA	NA	NA	NA	NA	NA	NA	NA	NA	NA	NA	NA	NA	NA	NA	NA	NA	NA	NA	NA	NA	NA	NA
ABarappaapa	235	37.5	38.9	1.5	16.1	33.2	9.2	16.3	26.5	9.5	1.6	30.1	23.5	20.6	35.3	82.8	40.7	30.6	25.4	106.4	62.1	110	117.3
ABarappaapp	25	37.5	38.9	1.5	16.1	33.2	9.2	16.3	26.5	9.5	1.6	30.1	23.5	20.6	35.3	82.8	28.9	30.6	25.4	38.8	17.3	32.6	45.9
ABarappap	NA	NA	NA	NA	NA	NA	NA	NA	NA	NA	NA	NA	NA	NA	NA	NA	NA	NA	NA	NA	NA	NA	NA
ABarappapa	NA	NA	NA	NA	NA	NA	NA	NA	NA	NA	NA	NA	NA	NA	NA	NA	NA	NA	NA	NA	NA	NA	NA
ABarappapaa	255	52.2	60.7	29.8	46.5	51.6	24.6	29.5	43	38.1	29.5	45.3	40.2	41.3	49.5	97.6	56.2	59.8	45.6	125	84	131.3	134.8
ABarappapap	NA	52.2	60.7	29.8	46.5	51.6	24.6	29.5	43	38.1	29.5	45.3	40.2	41.3	49.5	97.6	56.2	59.8	45.6	NA	84	NA	NA
ABarappapapa	25	NA	NA	NA	NA	NA	NA	NA	NA	NA	NA	NA	NA	NA	NA	NA	NA	NA	NA	6.6	NA	16.2	22.1
ABarappapapp	145	NA	NA	NA	NA	NA	NA	NA	NA	NA	NA	NA	NA	NA	NA	NA	NA	NA	NA	6.6	NA	16.2	22.1
ABarappapp	NA	NA	NA	NA	NA	NA	NA	NA	NA	NA	NA	NA	NA	NA	NA	NA	NA	NA	NA	NA	NA	NA	NA
ABarappappa	250	49.1	51.2	23.5	37.5	44.2	26.2	24.6	38.1	36.5	26.1	39.3	36.8	34.4	40.5	89.4	46	52.5	36.7	118.3	79.6	121.5	131.6
ABarappappp	250	49.1	51.2	23.5	37.5	44.2	26.2	24.6	38.1	36.5	26.1	39.3	36.8	34.4	40.5	89.4	46	30.6	36.7	118.3	79.6	121.5	131.6
ABarappp	NA	NA	NA	NA	NA	NA	NA	NA	NA	NA	NA	NA	NA	NA	NA	NA	NA	NA	NA	NA	NA	NA	NA
ABarapppa	NA	NA	NA	NA	NA	NA	NA	NA	NA	NA	NA	NA	NA	NA	NA	NA	NA	NA	NA	NA	NA	NA	NA
ABarapppaa	NA	NA	NA	NA	NA	NA	NA	NA	NA	NA	NA	NA	NA	NA	NA	NA	NA	NA	NA	NA	NA	NA	NA
ABarapppaaa	255	45.7	46.8	12.5	28.6	38.7	21.5	21.2	34.7	27	16.3	36.2	33.6	29.2	40.5	89.4	56.2	51	43.1	118.3	72.3	121.5	125.2
ABarapppaap	255	45.7	46.8	12.5	28.6	38.7	21.5	21.2	34.7	27	16.3	36.2	33.6	29.2	40.5	89.4	56.2	51	43.1	118.3	72.3	121.5	125.2
ABarapppap	NA	NA	NA	NA	NA	NA	NA	NA	NA	NA	NA	NA	NA	NA	NA	NA	NA	NA	NA	NA	NA	NA	NA
ABarapppapa	255	45.7	56	20.4	41.1	40.5	27.6	31.1	41.5	31.8	26.1	40.7	36.8	34.4	44.4	97.6	49.4	55.4	35.5	120	79.6	124.7	126.9
ABarapppapp	255	45.7	56	20.4	41.1	40.5	27.6	31.1	41.5	31.8	26.1	40.7	36.8	34.4	44.4	97.6	51.1	52.6	35.5	120	79.6	124.7	126.9
ABarapppp	NA	NA	NA	NA	NA	NA	NA	NA	NA	NA	NA	NA	NA	NA	NA	NA	NA	NA	NA	NA	NA	NA	NA
ABarappppa	NA	NA	NA	NA	NA	NA	NA	NA	NA	NA	NA	NA	NA	NA	NA	NA	NA	NA	NA	NA	NA	NA	NA
ABarappppaa	255	50.6	56	25.1	41.1	57.1	30.8	27.8	41.5	35	27.8	46.8	41.9	36.1	44.4	92.7	63	58.4	50.8	126.7	79.6	128.1	131.6
ABarappppap	255	50.6	56	25.1	41.1	57.1	30.8	27.8	41.5	35	27.8	46.8	41.9	36.1	44.4	92.7	63	58.4	50.8	126.7	79.6	128.1	131.6
ABarappppp	NA	NA	NA	NA	NA	NA	NA	NA	NA	NA	NA	NA	NA	NA	NA	NA	NA	NA	NA	NA	NA	NA	NA
ABarapppppa	NA	62.1	66.9	40.8	51.8	59	43	40.9	51.4	41.4	32.7	49.8	50.3	44.7	50.8	107.7	69.9	67.1	58.4	NA	92.7	NA	NA
ABarapppppaa	145	NA	NA	NA	NA	NA	NA	NA	NA	NA	NA	NA	NA	NA	NA	NA	NA	NA	NA	15.2	NA	11.4	17.4
ABarapppppap	35	NA	NA	NA	NA	NA	NA	NA	NA	NA	NA	NA	NA	NA	NA	NA	NA	NA	NA	15.2	NA	11.4	17.4
ABarapppppp	260	62.1	66.9	40.8	51.8	59	43	40.9	51.4	41.4	32.7	49.8	50.3	44.7	50.8	107.7	69.9	67.1	58.4	140.2	92.7	132.9	139.6
ABarp	NA	NA	NA	NA	NA	NA	NA	NA	NA	NA	NA	NA	NA	NA	NA	NA	NA	NA	NA	NA	NA	NA	NA
ABarpa	NA	NA	NA	NA	NA	NA	NA	NA	NA	NA	NA	NA	NA	NA	NA	NA	NA	NA	NA	NA	NA	NA	NA
ABarpaa	NA	NA	NA	NA	NA	NA	NA	NA	NA	NA	NA	NA	NA	NA	NA	NA	NA	NA	NA	NA	NA	NA	NA
ABarpaaa	NA	NA	NA	NA	NA	NA	NA	NA	NA	NA	NA	NA	NA	NA	NA	NA	NA	NA	NA	NA	NA	NA	NA
ABarpaaaa	NA	NA	NA	NA	NA	NA	NA	NA	NA	NA	NA	NA	NA	NA	NA	NA	NA	NA	NA	NA	NA	NA	NA
ABarpaaaaa	NA	NA	NA	89.3	NA	NA	86.1	88.6	NA	NA	96.6	NA	NA	NA	NA	NA	NA	NA	NA	NA	NA	NA	NA
ABarpaaaaal	230	24.6	18.6	NA	3.5	7.3	NA	NA	16.5	11.1	NA	84.8	11.6	5	14.4	58	28.9	20.4	15.1	98	54.9	98.5	107.8
ABarpaaaaar	230	24.6	18.6	NA	3.5	7.3	NA	NA	16.5	11.1	NA	84.8	11.6	5	14.4	44.7	28.9	29.1	15.1	98	54.9	98.5	107.8
ABarpaaaap	NA	NA	NA	89.3	NA	NA	86.1	88.6	NA	NA	NA	NA	NA	NA	NA	NA	NA	NA	NA	NA	NA	NA	NA
ABarpaaaapa	230	21.2	24.9	NA	8.9	11	NA	NA	26.5	11.1	13.1	77.3	18.4	1.6	10.3	62.9	30.5	34.9	22.8	99.6	62.1	98.5	109.3
ABarpaaaapp	230	21.2	24.9	NA	8.9	11	NA	NA	26.5	11.1	13.1	77.3	18.4	1.6	10.3	62.9	30.5	30.7	22.8	99.6	62.1	98.5	109.3
ABarpaaap	NA	NA	NA	NA	NA	NA	NA	NA	NA	NA	NA	NA	NA	NA	NA	NA	NA	NA	NA	NA	NA	NA	NA
ABarpaaapa	NA	NA	NA	79.9	NA	NA	84.5	83.6	NA	NA	NA	NA	NA	NA	NA	NA	NA	NA	NA	NA	NA	NA	NA
ABarpaaapaa	235	11.4	28	NA	7.1	7.3	NA	NA	18.2	20.7	9.8	81.8	15.1	13.7	5.1	66.2	27.2	33.5	21.5	98	56.3	103.4	104.6
ABarpaaapap	235	11.4	28	NA	7.1	7.3	NA	NA	18.2	20.7	9.8	81.8	15.1	13.7	5.1	66.2	27.2	33.5	21.5	98	56.3	103.4	104.6
ABarpaaapp	30	115.8	118.3	79.9	94.1	104.6	84.5	83.6	106	100.1	91.6	120.8	103.7	72.2	57.2	120.9	83.6	122.5	60.7	91.1	36.2	122.2	47.4
ABarpaap	NA	NA	NA	NA	NA	NA	NA	NA	NA	NA	NA	NA	NA	NA	NA	NA	NA	NA	NA	NA	NA	NA	NA
ABarpaapa	NA	NA	NA	NA	NA	NA	NA	NA	NA	NA	NA	NA	NA	NA	NA	NA	NA	NA	NA	NA	NA	NA	NA
ABarpaapaa	330	133.6	141.3	105	118.6	120.9	109.2	113.2	125.9	122.3	114.4	184.4	123.8	116.8	126.4	168.8	139.4	141.5	128.2	207.5	164.9	207.5	212.3
ABarpaapap	330	133.6	141.3	105	118.6	120.9	109.2	113.2	125.9	122.3	114.4	184.4	123.8	116.8	126.4	168.8	139.4	141.5	128.2	207.5	164.9	207.5	212.3
ABarpaapp	NA	NA	NA	NA	NA	NA	NA	NA	NA	NA	NA	NA	NA	NA	NA	NA	NA	NA	NA	NA	NA	NA	NA
ABarpaappa	335	133.6	139.8	105	116.8	120.9	106.1	111.5	127.5	122.3	112.9	185.8	123.8	116.8	126.4	155.6	139.4	132.8	126.9	207.5	163.5	209.1	210.8
ABarpaappp	335	133.6	139.8	105	116.8	120.9	106.1	111.5	127.5	122.3	112.9	185.8	123.8	116.8	126.4	167.2	139.4	142.9	126.9	207.5	163.5	209.1	210.8
ABarpap	NA	NA	NA	NA	NA	NA	NA	NA	NA	NA	NA	NA	NA	NA	NA	NA	NA	NA	NA	NA	NA	NA	NA
ABarpapa	NA	NA	NA	NA	NA	NA	NA	NA	NA	NA	NA	NA	NA	NA	NA	NA	NA	NA	NA	NA	NA	NA	NA
ABarpapaa	NA	NA	NA	NA	NA	NA	NA	NA	NA	NA	NA	NA	NA	NA	NA	NA	NA	NA	NA	NA	NA	NA	NA
ABarpapaaa	NA	NA	NA	97.1	NA	NA	NA	NA	NA	NA	NA	NA	NA	NA	NA	NA	NA	NA	NA	NA	NA	NA	NA
ABarpapaaaa	230	39.1	38.9	NA	16.1	20.2	10.7	16.3	26.5	19	9.8	30.2	21.7	17.2	20.9	72.8	40.7	29.1	38.1	108.1	68	110	114.2
ABarpapaaap	230	39.1	38.9	NA	16.1	20.2	10.7	16.3	26.5	19	9.8	87.8	21.7	17.2	20.9	72.8	40.7	29.1	38.1	108.1	68	110	114.2
ABarpapaap	NA	NA	NA	NA	NA	NA	NA	NA	NA	NA	NA	NA	NA	NA	NA	NA	NA	NA	NA	NA	NA	NA	NA
ABarpapaapa	30	63.7	65.4	26.6	50	53.5	43	40.9	49.7	49.3	37.6	116.5	50.3	24	39.2	101	69.9	68.5	32.9	82.9	26.1	26.2	33.3
ABarpapaapp	NA	63.7	68.4	26.6	50	53.5	43	40.9	49.7	49.3	37.6	NA	50.3	49.8	50.8	96.1	69.9	68.5	60.8	NA	NA	NA	NA
ABarpapaappa	169	NA	NA	NA	NA	NA	NA	NA	NA	NA	NA	30.3	NA	NA	NA	NA	NA	NA	NA	35.5	10.1	59.1	45.9
ABarpapaappp	169	NA	NA	NA	NA	NA	NA	NA	NA	NA	NA	30.3	NA	NA	NA	NA	NA	NA	NA	35.5	10.1	59.1	45.9
ABarpapap	NA	NA	NA	NA	NA	NA	NA	NA	NA	NA	NA	NA	NA	NA	NA	NA	NA	NA	NA	NA	NA	NA	NA
ABarpapapa	320	127.2	132.2	100.3	111.6	119.1	103	108.2	116	114.4	101.4	181.4	113.6	111.7	122.5	167.2	127.7	134.2	121.8	197.5	160.7	202.6	204.5
ABarpapapp	320	127.2	132.2	100.3	111.6	119.1	103	108.2	116	114.4	101.4	181.4	113.6	111.7	122.5	155.6	127.7	134.2	121.8	197.5	160.7	202.6	204.5
ABarpapp	NA	NA	NA	NA	NA	NA	NA	NA	NA	NA	NA	NA	NA	NA	NA	NA	NA	NA	NA	NA	NA	NA	NA
ABarpappa	NA	NA	NA	NA	NA	NA	NA	NA	NA	NA	NA	NA	NA	NA	NA	NA	NA	NA	NA	NA	NA	NA	NA
ABarpappaa	310	122.3	127.6	90.9	106.3	110	101.5	101.6	111	111.1	98.2	173.9	105.4	104.9	116	155.5	122.6	131.3	121.8	192.4	153.5	199.4	201.3
ABarpappap	310	122.3	127.6	90.9	106.3	110	101.5	101.6	111	111.1	98.2	173.9	105.4	104.9	116	155.5	122.6	131.3	121.8	192.4	153.5	199.4	201.3
ABarpappp	NA	NA	NA	NA	NA	NA	NA	NA	NA	NA	NA	NA	NA	NA	NA	NA	NA	NA	NA	NA	NA	NA	NA
ABarpapppa	330	127.2	133.6	100.3	113.4	117.3	106.1	104.9	119.3	119.1	103.1	179.9	115.4	111.7	122.5	162.2	129.3	138.6	126.9	195.8	159.2	205.8	207.6
ABarpapppp	330	127.2	133.6	100.3	113.4	117.3	106.1	104.9	119.3	119.1	103.1	179.9	115.4	111.7	122.5	162.2	129.3	138.6	126.9	195.8	159.2	205.8	207.6
ABarpp	NA	NA	NA	NA	NA	NA	NA	NA	NA	NA	NA	NA	NA	NA	NA	NA	NA	NA	NA	NA	NA	NA	NA
ABarppa	NA	NA	NA	NA	NA	NA	NA	NA	NA	NA	NA	NA	NA	NA	NA	NA	NA	NA	NA	NA	NA	NA	NA
ABarppaa	NA	NA	NA	NA	NA	NA	NA	NA	NA	NA	NA	NA	NA	NA	NA	NA	NA	NA	NA	NA	NA	NA	NA
ABarppaaa	NA	NA	NA	NA	NA	NA	NA	NA	NA	NA	NA	NA	NA	NA	NA	NA	NA	NA	NA	NA	NA	NA	NA
ABarppaaaa	315	117.4	122.9	90.9	99.3	106.5	92.3	93.5	107.7	100.1	91.6	172.4	105.4	96.3	112.1	152.3	122.6	126.9	105.2	189.1	150.5	184.9	191.9
ABarppaaap	315	117.4	122.9	90.9	99.3	106.5	92.3	93.5	107.7	100.1	91.6	172.4	105.4	96.3	112.1	152.3	122.6	128.3	105.2	189.1	150.5	184.9	191.9
ABarppaap	NA	NA	NA	NA	NA	NA	NA	NA	NA	NA	NA	NA	NA	NA	NA	NA	NA	NA	NA	NA	NA	NA	NA
ABarppaapa	320	125.5	128.9	94	108.1	110	100	100	116	106.4	98.2	176.9	110.4	104.9	116	158.9	125.9	124.1	112.9	194.1	154.8	194.6	201.3
ABarppaapp	NA	125.5	128.9	94	108.1	110	100	100	116	106.4	98.2	178.4	110.4	104.9	116	158.9	125.9	132.8	112.9	194.1	154.8	194.6	201.3
ABarppaappa	115	NA	NA	NA	NA	NA	NA	NA	NA	NA	NA	NA	NA	NA	NA	NA	NA	NA	NA	NA	NA	NA	NA
ABarppaappp	115	NA	NA	NA	NA	NA	NA	NA	NA	NA	NA	NA	NA	NA	NA	NA	NA	NA	NA	NA	NA	NA	NA
ABarppap	NA	NA	NA	NA	NA	NA	NA	NA	NA	NA	NA	NA	NA	NA	NA	NA	NA	NA	NA	NA	NA	NA	NA
ABarppapa	NA	NA	NA	NA	NA	NA	NA	NA	NA	NA	NA	NA	NA	NA	NA	NA	NA	NA	NA	NA	NA	NA	NA
ABarppapaa	320	112.5	116.7	94	102.8	104.6	92.3	95.2	111	98.5	91.6	172.4	98.8	96.3	105.6	153.9	119.3	124.1	102.8	185.7	147.6	189.7	188.7
ABarppapap	320	112.5	116.7	94	102.8	104.6	92.3	95.2	111	98.5	91.6	172.4	98.8	96.3	105.6	153.9	119.3	124.1	102.8	185.7	147.6	189.7	188.7
ABarppapp	NA	NA	NA	NA	NA	NA	NA	NA	NA	NA	NA	NA	NA	NA	NA	NA	NA	NA	NA	NA	NA	NA	NA
ABarppappa	320	112.5	119.8	90.9	95.7	101.1	89.2	93.5	109.4	98.5	90	170.9	98.8	96.3	108.2	155.5	121	125.5	102.8	184	146.3	184.9	190.2
ABarppappp	320	112.5	119.8	90.9	95.7	101.1	89.2	93.5	109.4	98.5	90	170.9	98.8	96.3	108.2	155.5	121	125.5	102.8	184	146.3	184.9	190.2
ABarppp	NA	NA	NA	NA	NA	NA	NA	NA	NA	NA	NA	NA	NA	NA	NA	NA	NA	NA	NA	NA	NA	NA	NA
ABarpppa	NA	NA	NA	NA	NA	NA	NA	NA	NA	NA	NA	NA	NA	NA	NA	NA	NA	NA	NA	NA	NA	NA	NA
ABarpppaa	NA	NA	NA	NA	NA	NA	NA	NA	NA	NA	NA	NA	NA	NA	NA	NA	NA	NA	NA	NA	NA	NA	NA
ABarpppaaa	315	118.9	122.9	92.5	97.5	110	93.8	98.4	109.4	108.1	94.9	173.9	107.1	98	111	157.3	124.3	131.3	105.2	190.7	152	194.6	196.6
ABarpppaap	315	118.9	122.9	92.5	97.5	110	93.8	98.4	109.4	108.1	94.9	173.9	107.1	98	111	157.3	124.3	131.3	105.2	190.7	152	194.6	196.6
ABarpppap	NA	NA	NA	NA	NA	NA	NA	NA	NA	NA	NA	NA	NA	NA	NA	NA	NA	NA	NA	NA	NA	NA	NA
ABarpppapa	320	123.9	130.5	98.7	106.3	110	101.5	103.3	117.6	114.4	103.1	178.4	112	98	116	162.2	129.3	113.8	119.3	195.8	156.3	199.4	201.3
ABarpppapp	NA	123.9	130.5	98.7	106.3	110	101.5	103.3	117.6	114.4	103.1	178.4	112	98	116	162.2	129.3	128.3	119.3	195.8	156.3	NA	201.3
ABarpppappa	120	NA	NA	NA	NA	NA	NA	NA	NA	NA	NA	NA	NA	NA	NA	NA	NA	NA	NA	NA	NA	NA	NA
ABarpppappp	120	NA	NA	NA	NA	NA	NA	NA	NA	NA	NA	NA	NA	NA	NA	NA	NA	NA	NA	NA	NA	NA	NA
ABarpppp	NA	NA	NA	NA	NA	NA	NA	NA	NA	NA	NA	NA	NA	NA	NA	NA	NA	NA	NA	NA	NA	NA	NA
ABarppppa	NA	NA	NA	NA	NA	NA	NA	NA	NA	NA	NA	NA	NA	NA	NA	NA	NA	NA	NA	NA	NA	NA	NA
ABarppppaa	320	118.9	119.8	94	99.3	104.6	93.8	93.5	109.4	109.7	93.2	169.4	107.1	96.3	106.9	160.5	125.9	125.5	106.5	190.7	149.1	193	193.4
ABarppppap	320	118.9	119.8	94	99.3	104.6	93.8	93.5	109.4	109.7	93.2	169.4	107.1	96.3	106.9	160.5	125.9	125.5	106.5	190.7	149.1	193	193.4
ABarppppp	NA	NA	NA	NA	NA	NA	NA	NA	NA	NA	NA	NA	NA	NA	NA	NA	NA	NA	NA	NA	NA	NA	NA
ABarpppppa	325	114.2	118.3	92.5	101.1	99.2	90.7	90.2	107.7	106.4	93.2	167.8	102.1	92.9	104.3	162.2	127.7	126.9	110.4	185.7	149.1	191.4	199.8
ABarpppppp	325	114.2	118.3	92.5	101.1	99.2	90.7	90.2	107.7	106.4	93.2	164.7	102.1	92.9	104.3	162.2	127.7	124.1	110.4	185.7	149.1	191.4	199.8
ABp	NA	9.9	NA	1.6	NA	NA	NA	6.7	NA	NA	NA	NA	NA	NA	NA	NA	6.9	NA	4.1	NA	8.8	3.2	NA
ABpl	NA	NA	NA	NA	NA	NA	NA	NA	NA	NA	NA	NA	NA	NA	NA	NA	NA	NA	NA	NA	NA	NA	NA
ABpla	NA	NA	NA	NA	NA	NA	NA	NA	NA	NA	NA	NA	NA	NA	NA	NA	NA	NA	NA	NA	NA	NA	NA
ABplaa	NA	NA	NA	NA	NA	NA	NA	NA	NA	NA	NA	NA	NA	NA	NA	NA	NA	NA	NA	NA	NA	NA	NA
ABplaaa	NA	NA	NA	NA	NA	NA	NA	NA	NA	NA	NA	NA	NA	NA	NA	NA	NA	NA	NA	NA	NA	NA	NA
ABplaaaa	NA	NA	NA	NA	NA	NA	NA	NA	NA	NA	NA	NA	NA	NA	NA	NA	NA	NA	NA	NA	NA	NA	NA
ABplaaaaa	NA	NA	NA	NA	NA	NA	NA	NA	NA	NA	NA	NA	NA	NA	NA	NA	NA	NA	NA	NA	NA	NA	NA
ABplaaaaaa	NA	NA	NA	98.7	NA	NA	NA	NA	NA	NA	NA	NA	NA	NA	NA	NA	NA	NA	NA	NA	NA	NA	NA
ABplaaaaaaa	230	29.4	38.9	NA	25	36.9	6.1	24.6	29.8	4.8	1.6	65.1	15.1	22.3	14.4	74.6	32.2	40.7	33	99.6	63.5	108.4	107.8
ABplaaaaaap	230	29.4	38.9	NA	25	36.9	6.1	24.6	29.8	4.8	1.6	55.9	15.1	22.3	14.4	74.6	32.2	39.3	33	99.6	63.5	108.4	107.8
ABplaaaaap	NA	NA	NA	NA	NA	NA	NA	NA	NA	NA	NA	NA	NA	NA	NA	NA	NA	NA	NA	NA	NA	NA	NA
ABplaaaaapa	35	47.3	65.4	31.3	51.8	57.1	38.4	47.5	53	36.5	32.7	69.5	50.3	48.1	35.1	95.9	66.4	55.5	43.2	92.9	39	40.8	34.9
ABplaaaaapp	NA	57.1	65.4	31.3	51.8	57.1	38.4	47.5	53	36.5	32.7	107.5	50.3	48.1	57.3	NA	66.4	55.5	58.4	NA	91.2	NA	NA
ABplaaaaappa	165	NA	NA	NA	NA	NA	NA	NA	NA	NA	NA	NA	NA	NA	NA	18.2	NA	NA	NA	28.7	NA	49	41.2
ABplaaaaappp	165	NA	NA	NA	NA	NA	NA	NA	NA	NA	NA	NA	NA	NA	NA	18.2	NA	NA	NA	28.7	NA	49	41.2
ABplaaaap	NA	NA	NA	NA	NA	NA	NA	NA	NA	NA	NA	NA	NA	NA	NA	NA	NA	NA	NA	NA	NA	NA	NA
ABplaaaapa	320	125.5	136.6	98.7	120.3	119.1	104.6	108.2	117.6	106.4	94.9	176.9	115.4	111.7	125.2	172.1	129.3	135.7	124.3	195.8	157.7	201.1	198.2
ABplaaaapp	320	125.5	136.6	98.7	120.3	119.1	104.6	108.2	117.6	106.4	94.9	176.9	115.4	111.7	125.2	172.1	129.3	135.7	124.3	195.8	157.7	201.1	198.2
ABplaaap	NA	NA	NA	NA	NA	NA	NA	NA	NA	NA	NA	NA	NA	NA	NA	NA	NA	NA	NA	NA	NA	NA	NA
ABplaaapa	NA	NA	NA	NA	NA	NA	NA	NA	NA	NA	NA	NA	NA	NA	NA	NA	NA	NA	NA	NA	NA	NA	NA
ABplaaapaa	310	123.9	128.9	94	113.4	111.9	100	103.3	111	98.5	93.2	166.3	112	106.6	114.7	158.9	125.9	125.5	119.3	190.7	152	191.4	195
ABplaaapap	310	123.9	128.9	94	113.4	111.9	100	103.3	111	98.5	93.2	166.3	112	106.6	114.7	158.9	125.9	125.5	119.3	190.7	152	191.4	195
ABplaaapp	NA	NA	NA	NA	NA	NA	NA	NA	NA	NA	NA	NA	NA	NA	NA	NA	NA	NA	NA	NA	NA	NA	NA
ABplaaappa	325	130.4	133.6	100.3	120.3	115.5	107.6	108.2	117.6	104.8	101.4	152.6	120.3	113.4	122.5	168.8	131	131.3	123	190.7	160.7	199.4	199.8
ABplaaappp	325	130.4	133.6	100.3	120.3	115.5	107.6	108.2	117.6	104.8	101.4	128.4	120.3	113.4	122.5	155.5	131	105.1	123	190.7	160.7	199.4	199.8
ABplaap	NA	NA	NA	NA	NA	NA	NA	NA	NA	NA	NA	NA	NA	NA	NA	NA	NA	NA	NA	NA	NA	NA	NA
ABplaapa	NA	NA	NA	NA	NA	NA	NA	NA	NA	NA	NA	NA	NA	NA	NA	NA	NA	NA	NA	NA	NA	NA	NA
ABplaapaa	NA	NA	NA	NA	NA	NA	NA	NA	NA	NA	NA	NA	NA	NA	NA	NA	NA	NA	NA	NA	NA	NA	NA
ABplaapaaa	NA	NA	NA	NA	NA	NA	NA	NA	NA	NA	NA	NA	NA	NA	NA	NA	NA	NA	NA	NA	NA	NA	NA
ABplaapaaaa	240	39.1	49.7	15.7	28.6	36.9	13.8	21.2	28.1	17.4	23	90.9	31.8	29.2	40.5	87.7	47.7	51	45.6	114.9	70.8	111.6	120.5
ABplaapaaap	240	39.1	49.7	15.7	28.6	36.9	13.8	21.2	28.1	17.4	23	90.9	31.8	29.2	40.5	87.7	47.7	51	45.6	114.9	72.3	111.6	120.5
ABplaapaap	NA	NA	NA	NA	NA	NA	NA	NA	NA	NA	NA	NA	NA	NA	NA	NA	NA	NA	NA	NA	NA	NA	NA
ABplaapaapa	260	57.1	62.3	25.1	41.1	44.2	30.8	32.7	43	30.2	32.7	66.6	45.4	43	57.3	97.6	61.3	64.1	54.5	126.7	84	126.4	133.2
ABplaapaapp	260	57.1	62.3	25.1	41.1	44.2	30.8	32.7	43	30.2	32.7	54.5	45.4	43	57.3	97.6	61.3	64.1	54.5	126.7	84	126.4	133.2
ABplaapap	NA	NA	NA	NA	NA	NA	NA	NA	NA	NA	NA	NA	NA	NA	NA	NA	NA	NA	NA	NA	NA	NA	NA
ABplaapapa	NA	NA	NA	NA	NA	NA	NA	NA	NA	NA	NA	NA	NA	NA	NA	NA	NA	NA	NA	NA	NA	NA	NA
ABplaapapaa	240	42.5	43.6	12.5	30.4	35	15.4	13	24.8	20.7	21.3	87.8	30.1	32.7	32.7	82.8	52.8	46.6	50.8	108.1	76.7	113.2	115.7
ABplaapapap	240	42.5	43.6	12.5	30.4	35	15.4	13	24.8	20.7	21.3	87.8	30.1	32.7	32.7	82.8	52.8	46.6	50.8	108.1	76.7	113.2	115.7
ABplaapapp	NA	NA	NA	NA	NA	NA	NA	NA	NA	NA	NA	NA	NA	NA	NA	NA	NA	NA	NA	NA	NA	NA	NA
ABplaapappa	265	68.5	71.6	37.6	53.6	57.1	40	40.9	51.4	43	42.5	109	50.3	53.2	62.7	105.9	73.3	70	63.5	130.1	98.5	137.8	134.8
ABplaapappp	NA	68.5	71.6	37.6	53.6	57.1	40	40.9	51.4	43	42.5	92.3	50.3	53.2	62.7	105.9	73.3	70	63.5	NA	98.5	NA	NA
ABplaapapppa	155	NA	NA	NA	NA	NA	NA	NA	NA	NA	NA	NA	NA	NA	NA	NA	NA	NA	NA	25.3	NA	39.2	34.8
ABplaapapppp	25	NA	NA	NA	NA	NA	NA	NA	NA	NA	NA	NA	NA	NA	NA	NA	NA	NA	NA	25.3	NA	39.2	34.8
ABplaapp	NA	NA	NA	NA	NA	NA	NA	NA	NA	NA	NA	NA	NA	NA	NA	NA	NA	NA	NA	NA	NA	NA	NA
ABplaappa	NA	NA	NA	NA	NA	NA	NA	NA	NA	NA	NA	NA	NA	NA	NA	NA	NA	NA	NA	NA	NA	NA	NA
ABplaappaa	320	128.8	133.6	100.3	122.1	115.5	104.6	104.9	117.6	111.1	106.4	175.3	120.3	116.8	129	167.2	137.7	128.5	124.3	194.1	160.7	194.6	202.9
ABplaappap	320	128.8	133.6	100.3	122.1	115.5	104.6	104.9	117.6	111.1	106.4	175.3	120.3	116.8	129	167.2	137.7	113.9	124.3	194.1	160.7	194.6	202.9
ABplaappp	NA	NA	NA	NA	NA	NA	NA	NA	NA	NA	NA	NA	NA	NA	NA	NA	NA	NA	NA	NA	NA	NA	NA
ABplaapppa	335	135	139.8	108.1	130.8	126.3	110.7	108.2	125.9	119.1	114.4	182.9	128.6	121.9	136.9	175.5	142.7	138.6	132	200.8	166.4	207.5	207.6
ABplaapppp	335	135	139.8	108.1	130.8	126.3	110.7	108.2	125.9	119.1	114.4	182.9	128.6	121.9	NA	175.5	142.7	118.2	132	200.8	166.4	207.5	207.6
ABplaappppa	NA	NA	NA	NA	NA	NA	NA	NA	NA	NA	NA	NA	NA	NA	44.4	NA	NA	NA	NA	NA	NA	NA	NA
ABplaappppp	NA	NA	NA	NA	NA	NA	NA	NA	NA	NA	NA	NA	NA	NA	44.4	NA	NA	NA	NA	NA	NA	NA	NA
ABplap	NA	NA	NA	NA	NA	NA	NA	NA	NA	NA	NA	NA	NA	NA	NA	NA	NA	NA	NA	NA	NA	NA	NA
ABplapa	NA	NA	NA	NA	NA	NA	NA	NA	NA	NA	NA	NA	NA	NA	NA	NA	NA	NA	NA	NA	NA	NA	NA
ABplapaa	NA	NA	NA	NA	NA	NA	NA	NA	NA	NA	NA	NA	NA	NA	NA	NA	NA	NA	NA	NA	NA	NA	NA
ABplapaaa	NA	NA	NA	NA	NA	NA	NA	NA	NA	NA	NA	NA	NA	NA	NA	NA	NA	NA	NA	NA	NA	NA	NA
ABplapaaaa	NA	NA	NA	NA	NA	NA	NA	NA	NA	NA	NA	NA	NA	NA	NA	NA	NA	NA	NA	NA	NA	NA	NA
ABplapaaaaa	30	44.1	56	21.9	41.1	42.4	13.8	31.1	38.1	33.4	26.1	53	38.5	20.6	31.4	63	44.4	24.9	35.6	38.9	47.7	60.7	34.9
ABplapaaaap	NA	44.1	56	21.9	41.1	42.4	13.8	31.1	38.1	33.4	26.1	97	38.5	30.9	45.8	82.8	51.1	52.5	45.6	116.6	76.7	NA	NA
ABplapaaaapa	130	NA	NA	NA	NA	NA	NA	NA	NA	NA	NA	NA	NA	NA	NA	NA	NA	NA	NA	NA	NA	NA	9.5
ABplapaaaapp	130	NA	NA	NA	NA	NA	NA	NA	NA	NA	NA	NA	NA	NA	NA	NA	NA	NA	NA	NA	NA	NA	9.5
ABplapaaap	NA	NA	NA	NA	NA	NA	NA	NA	NA	NA	NA	NA	NA	NA	NA	NA	NA	NA	NA	NA	NA	NA	NA
ABplapaaapa	NA	42.5	57.6	23.5	48.3	47.9	20	31.1	43	39.7	31.1	98.4	38.5	34.4	39.2	91.1	51.1	52.5	45.6	120	72.3	119.8	NA
ABplapaaapad	130	NA	NA	NA	NA	NA	NA	NA	NA	NA	NA	NA	NA	NA	NA	NA	NA	NA	NA	NA	NA	NA	7.8
ABplapaaapav	130	NA	NA	NA	NA	NA	NA	NA	NA	NA	NA	NA	NA	NA	NA	NA	NA	NA	NA	NA	NA	NA	7.8
ABplapaaapp	245	42.5	57.6	23.5	48.3	47.9	20	31.1	43	39.7	31.1	98.4	38.5	34.4	39.2	91.1	51.1	52.5	45.6	120	72.3	119.8	126.9
ABplapaap	NA	NA	NA	NA	NA	NA	NA	NA	NA	NA	NA	NA	NA	NA	NA	NA	NA	NA	NA	NA	NA	NA	NA
ABplapaapa	330	120.6	130.5	100.3	113.4	113.7	90.7	103.3	114.3	109.7	103.1	170.9	108.7	111.7	119.9	135.7	129.3	125.5	121.8	194.1	150.5	196.3	195
ABplapaapp	330	120.6	130.5	100.3	113.4	113.7	90.7	103.3	114.3	109.7	103.1	170.9	108.7	111.7	119.9	163.9	129.3	125.5	121.8	194.1	150.5	196.3	195
ABplapap	NA	NA	NA	NA	NA	NA	NA	NA	NA	NA	NA	NA	NA	NA	NA	NA	NA	NA	NA	NA	NA	NA	NA
ABplapapa	NA	NA	NA	NA	NA	NA	NA	NA	NA	NA	NA	NA	NA	NA	NA	NA	NA	NA	NA	NA	NA	NA	NA
ABplapapaa	NA	127.2	135.2	105	118.6	120.9	106.1	114.7	120.9	116	106.4	178.4	120.3	111.7	129	168.8	136.1	135.7	126.9	204.2	159.2	201.1	207.6
ABplapapaaa	NA	NA	NA	NA	NA	NA	NA	NA	NA	NA	NA	NA	NA	NA	NA	NA	NA	NA	NA	NA	NA	NA	NA
ABplapapaap	NA	NA	NA	NA	NA	NA	NA	NA	NA	NA	NA	NA	NA	NA	NA	NA	NA	NA	NA	NA	NA	NA	NA
ABplapapap	335	127.2	135.2	105	118.6	120.9	106.1	114.7	120.9	116	106.4	178.4	120.3	111.7	129	168.8	136.1	135.7	126.9	204.2	159.2	201.1	207.6
ABplapapp	NA	NA	NA	NA	NA	NA	NA	NA	NA	NA	NA	NA	NA	NA	NA	NA	NA	NA	NA	NA	NA	NA	NA
ABplapappa	335	128.8	138.2	108.1	122.1	128.1	109.2	118.1	122.6	116	107.9	179.9	122.2	118.5	130.4	178.7	139.4	140	132	207.5	162.1	205.8	210.8
ABplapappp	NA	NA	NA	NA	NA	128.1	NA	NA	NA	NA	NA	NA	NA	NA	NA	NA	NA	NA	NA	NA	NA	NA	NA
ABplapapppa	25	39.1	48.3	17.2	33.9	NA	20	36	34.7	22.3	16.3	59	33.6	24.1	39.2	89.4	44.4	48.1	44.5	59.2	49.2	65.8	33.4
ABplapapppp	NA	39.1	48.3	17.2	33.9	NA	20	36	34.7	22.3	16.3	97	33.6	24.1	39.2	89.4	49.4	48.1	44.5	118.3	79.6	NA	NA
ABplapappppa	NA	NA	NA	NA	NA	NA	NA	NA	NA	NA	NA	NA	NA	NA	NA	NA	NA	NA	NA	NA	NA	22.9	23.7
ABplapappppaa	70	NA	NA	NA	NA	NA	NA	NA	NA	NA	NA	NA	NA	NA	NA	NA	NA	NA	NA	NA	NA	NA	NA
ABplapappppap	70	NA	NA	NA	NA	NA	NA	NA	NA	NA	NA	NA	NA	NA	NA	NA	NA	NA	NA	NA	NA	NA	NA
ABplapappppp	25	NA	NA	NA	NA	NA	NA	NA	NA	NA	NA	NA	NA	NA	NA	NA	NA	NA	NA	NA	NA	22.9	23.7
ABplapp	NA	NA	NA	NA	NA	NA	NA	NA	NA	NA	NA	NA	NA	NA	NA	NA	NA	NA	NA	NA	NA	NA	NA
ABplappa	NA	NA	NA	NA	NA	NA	NA	NA	NA	NA	NA	NA	NA	NA	NA	NA	NA	NA	NA	NA	NA	NA	NA
ABplappaa	NA	NA	NA	NA	NA	NA	NA	NA	NA	NA	NA	NA	NA	NA	NA	NA	NA	NA	NA	NA	NA	NA	NA
ABplappaaa	335	123.9	133.6	100.3	118.6	117.3	104.6	108.2	119.3	112.8	106.4	179.9	120.3	108.3	117.5	167.2	137.7	134.2	120.5	197.5	154.8	196.3	204.5
ABplappaap	335	123.9	133.6	100.3	118.6	117.3	104.6	108.2	119.3	112.8	106.4	179.9	120.3	108.3	117.5	167.2	137.7	134.2	120.5	197.5	154.8	196.3	204.5
ABplappap	NA	NA	NA	NA	NA	NA	NA	NA	NA	NA	NA	NA	NA	NA	NA	NA	NA	NA	NA	NA	NA	NA	NA
ABplappapa	335	127.2	135.2	98.7	116.8	119.1	104.6	106.6	117.6	111.1	106.4	176.9	118.7	108.3	121.2	168.8	134.3	134.2	123	197.5	156.3	199.4	206.1
ABplappapp	335	127.2	135.2	98.7	116.8	119.1	104.6	106.6	117.6	111.1	106.4	176.9	118.7	108.3	121.2	168.8	134.3	134.2	123	197.5	156.3	199.4	206.1
ABplappp	NA	NA	NA	NA	NA	NA	NA	NA	NA	NA	NA	NA	NA	NA	NA	NA	NA	NA	NA	NA	NA	NA	NA
ABplapppa	NA	NA	NA	NA	NA	NA	NA	NA	NA	NA	NA	NA	NA	NA	NA	NA	NA	NA	NA	NA	NA	NA	NA
ABplapppaa	NA	NA	NA	89.3	NA	NA	95.3	NA	NA	NA	NA	NA	NA	NA	NA	NA	NA	NA	NA	NA	NA	NA	NA
ABplapppaaa	240	9.8	26.4	NA	5.3	14.7	NA	13	16.5	3.2	1.6	74.2	16.8	3.3	11.6	72.8	23.7	24.8	30.3	101.4	57.8	85.4	103.1
ABplapppaap	25	9.8	26.4	NA	5.3	14.7	NA	13	16.5	3.2	1.6	74.2	16.8	3.3	11.6	53	23.7	24.8	30.3	84.5	57.8	85.4	38
ABplapppap	NA	NA	NA	NA	NA	NA	NA	NA	NA	NA	NA	NA	NA	NA	NA	NA	NA	NA	NA	NA	NA	NA	NA
ABplapppapa	20	42.5	56	14.1	35.7	38.7	26.2	37.7	43	27	23	104.5	36.8	25.8	43.1	95.9	51.1	52.5	40.6	52.3	52.2	77.3	30.1
ABplapppapp	NA	42.5	56	14.1	35.7	38.7	26.2	37.7	43	27	23	104.5	36.8	32.7	43.1	95.9	51.1	52.5	53.3	NA	79.6	NA	NA
ABplapppappa	145	NA	NA	NA	NA	NA	NA	NA	NA	NA	NA	NA	NA	NA	NA	NA	NA	NA	NA	11.7	NA	11.4	23.7
ABplapppappp	145	NA	NA	NA	NA	NA	NA	NA	NA	NA	NA	NA	NA	NA	NA	NA	NA	NA	NA	11.7	NA	11.4	23.7
ABplapppp	NA	NA	NA	NA	NA	NA	NA	NA	NA	NA	NA	NA	NA	NA	NA	NA	NA	NA	NA	NA	NA	NA	NA
ABplappppa	320	117.4	128.9	92.5	111.6	110	96.9	104.9	109.4	104.8	99.7	169.4	103.7	104.9	114.7	163.9	125.9	122.5	116.8	194.1	146.3	191.4	193.4
ABplappppp	320	117.4	128.9	92.5	111.6	110	96.9	104.9	109.4	104.8	99.7	169.4	103.7	104.9	114.7	155.5	125.9	122.5	116.8	194.1	146.3	191.4	193.4
ABplp	NA	NA	NA	NA	NA	NA	NA	NA	NA	NA	NA	NA	NA	NA	NA	NA	NA	NA	NA	NA	NA	NA	NA
ABplpa	NA	NA	NA	NA	NA	NA	NA	NA	NA	NA	NA	NA	NA	NA	NA	NA	NA	NA	NA	NA	NA	NA	NA
ABplpaa	NA	NA	NA	NA	NA	NA	NA	NA	NA	NA	NA	NA	NA	NA	NA	NA	NA	NA	NA	NA	NA	NA	NA
ABplpaaa	NA	NA	NA	NA	NA	NA	NA	NA	NA	NA	NA	NA	NA	NA	NA	NA	NA	NA	NA	NA	NA	NA	NA
ABplpaaaa	NA	NA	NA	NA	NA	NA	NA	NA	NA	NA	NA	NA	NA	NA	NA	NA	NA	NA	NA	NA	NA	NA	NA
ABplpaaaaa	NA	NA	NA	NA	NA	NA	NA	NA	NA	NA	NA	NA	NA	NA	NA	NA	NA	NA	NA	NA	NA	NA	NA
ABplpaaaaaa	260	52.2	59.1	21.9	44.7	47.9	29.2	26.1	36.4	20.7	24.5	36.2	47	37.8	36.6	94.4	61.3	58.4	49.4	125	76.7	124.7	128.4
ABplpaaaaap	260	52.2	59.1	21.9	44.7	47.9	26.2	26.1	36.4	20.7	24.5	36.2	47	37.8	36.6	94.4	61.3	58.4	49.4	125	76.7	124.7	128.4
ABplpaaaap	NA	NA	NA	NA	NA	NA	NA	NA	NA	NA	NA	NA	NA	NA	NA	NA	NA	NA	NA	NA	NA	NA	NA
ABplpaaaapa	265	62.1	68.4	26.6	51.8	55.3	38.4	34.4	48.1	33.4	37.6	39.3	50.3	46.4	49.5	101	66.4	51.1	62.1	131.8	85.3	131.3	139.6
ABplpaaaapp	265	62.1	68.4	26.6	51.8	55.3	38.4	34.4	48.1	33.4	37.6	39.3	50.3	46.4	49.5	101	66.4	68.5	62.1	131.8	85.3	131.3	139.6
ABplpaaap	NA	NA	NA	NA	NA	NA	NA	NA	NA	NA	NA	NA	NA	NA	NA	NA	NA	NA	NA	NA	NA	NA	NA
ABplpaaapa	NA	NA	NA	100.3	NA	NA	NA	NA	NA	NA	NA	NA	NA	NA	NA	NA	NA	NA	NA	NA	NA	NA	NA
ABplpaaapaa	245	27.8	40.5	NA	19.6	35	4.6	3.2	21.5	12.7	6.5	16.5	23.5	18.9	18.3	72.8	35.8	20.4	39.3	108.1	63.5	105	114.2
ABplpaaapap	245	27.8	40.5	NA	19.6	35	4.6	3.2	21.5	12.7	6.5	16.5	23.5	18.9	18.3	72.8	35.8	32	39.3	108.1	36.1	105	114.2
ABplpaaapp	NA	NA	NA	NA	NA	NA	NA	NA	NA	NA	NA	NA	NA	NA	NA	NA	NA	NA	NA	NA	NA	NA	NA
ABplpaaappa	NA	62.1	71.6	32.9	55.4	59	33.8	32.7	48.1	41.4	37.6	39.3	50.3	44.7	53.6	99.4	63	32	60.8	NA	84	NA	NA
ABplpaaappaa	140	NA	NA	NA	NA	NA	NA	NA	NA	NA	NA	NA	NA	NA	NA	NA	NA	NA	NA	16.9	NA	21.1	22.1
ABplpaaappap	40	NA	NA	NA	NA	NA	NA	NA	NA	NA	NA	NA	NA	NA	NA	NA	NA	NA	NA	16.9	NA	21.1	22.1
ABplpaaappp	260	62.1	71.6	32.9	55.4	59	33.8	32.7	48.1	41.4	37.6	39.3	50.3	44.7	53.6	99.4	63	64.1	60.8	135.2	84	131.3	136.4
ABplpaap	NA	NA	NA	NA	NA	NA	NA	NA	NA	NA	NA	NA	NA	NA	NA	NA	NA	NA	NA	NA	NA	NA	NA
ABplpaapa	NA	NA	NA	NA	NA	NA	NA	NA	NA	NA	NA	NA	NA	NA	NA	NA	NA	NA	NA	NA	NA	NA	NA
ABplpaapaa	NA	NA	NA	NA	NA	NA	NA	NA	NA	NA	NA	NA	NA	NA	NA	NA	NA	NA	NA	NA	NA	NA	NA
ABplpaapaaa	245	49.1	57.6	21.9	39.3	40.5	23	21.2	44.7	35	26.1	34.7	40.2	39.5	37.7	92.7	57.9	56.8	50.8	113.2	84	119.8	125.2
ABplpaapaap	245	49.1	57.6	21.9	39.3	40.5	23	21.2	44.7	35	26.1	34.7	40.2	39.5	37.7	92.7	57.9	46.6	50.8	113.2	84	119.8	125.2
ABplpaapap	NA	NA	NA	NA	NA	NA	NA	NA	NA	NA	NA	NA	NA	NA	NA	NA	NA	NA	NA	NA	NA	NA	NA
ABplpaapapa	240	44.1	59.1	20.4	42.9	46.1	26.2	26.1	31.5	31.8	26.1	34.7	36.8	37.8	40.5	95.9	59.6	52.5	50.8	123.3	84	123.1	130.1
ABplpaapapp	240	44.1	59.1	20.4	42.9	46.1	26.2	26.1	31.5	31.8	26.1	34.7	36.8	37.8	40.5	95.9	59.6	52.5	50.8	123.3	84	123.1	130.1
ABplpaapp	NA	NA	NA	NA	NA	NA	NA	NA	NA	NA	NA	NA	NA	NA	NA	NA	NA	NA	NA	NA	NA	NA	NA
ABplpaappa	NA	NA	NA	NA	NA	NA	NA	NA	NA	NA	NA	NA	NA	NA	NA	NA	NA	NA	NA	NA	NA	NA	NA
ABplpaappaa	260	57.1	63.9	18.8	50	49.8	32.2	40.9	46.4	35	29.3	42.2	43.5	44.7	47	97.6	64.7	55.4	53.3	130.1	91.2	129.6	131.6
ABplpaappap	260	57.1	63.9	18.8	50	49.8	32.2	40.9	46.4	35	32.7	42.2	43.5	44.7	47	97.6	64.7	55.4	53.3	130.1	91.2	129.6	131.6
ABplpaappp	NA	NA	NA	NA	NA	NA	NA	NA	NA	NA	NA	NA	NA	NA	NA	NA	NA	NA	NA	NA	NA	NA	NA
ABplpaapppa	270	58.8	66.9	25.1	53.6	57.1	35.4	45.9	51.4	38.1	36	46.8	50.3	48.1	52.3	99.4	69.9	61.2	59.7	136.9	95.5	132.9	134.8
ABplpaapppp	NA	58.8	66.9	25.1	53.6	57.1	35.4	45.9	51.4	38.1	36	46.8	50.3	48.1	52.3	99.4	69.9	61.2	59.7	NA	95.5	NA	NA
ABplpaappppa	150	NA	NA	NA	NA	NA	NA	NA	NA	NA	NA	NA	NA	NA	NA	NA	NA	NA	NA	21.8	NA	24.5	22.1
ABplpaappppp	30	NA	NA	NA	NA	NA	NA	NA	NA	NA	NA	NA	NA	NA	NA	NA	NA	NA	NA	21.8	NA	24.5	22.1
ABplpap	NA	NA	NA	NA	NA	NA	NA	NA	NA	NA	NA	NA	NA	NA	NA	NA	NA	NA	NA	NA	NA	NA	NA
ABplpapa	NA	NA	NA	NA	NA	NA	NA	NA	NA	NA	NA	NA	NA	NA	NA	NA	NA	NA	NA	NA	NA	NA	NA
ABplpapaa	NA	NA	NA	NA	NA	NA	NA	NA	NA	NA	NA	NA	NA	NA	NA	NA	NA	NA	NA	NA	NA	NA	NA
ABplpapaaa	NA	NA	NA	NA	NA	NA	NA	NA	NA	NA	NA	NA	NA	NA	NA	NA	NA	NA	NA	NA	NA	NA	NA
ABplpapaaaa	245	47.3	52.8	12.5	32.2	40.5	23	26.1	29.8	49.3	14.6	31.7	30.1	32.7	44.4	84.5	54.5	51	46.9	116.6	72.3	116.6	115.7
ABplpapaaap	245	47.3	52.8	12.5	32.2	40.5	23	26.1	29.8	49.3	14.6	31.7	30.1	32.7	44.4	84.5	54.5	51	46.9	116.6	72.3	116.6	115.7
ABplpapaap	NA	NA	NA	NA	NA	NA	NA	NA	NA	NA	NA	NA	NA	NA	NA	NA	NA	NA	NA	NA	NA	NA	NA
ABplpapaapa	250	49.1	51.2	14.1	33.9	38.7	21.5	26.1	34.7	25.5	19.6	30.1	26.8	34.4	31.2	86	47.7	53.9	43.1	114.9	75.3	121.5	120.5
ABplpapaapp	250	49.1	51.2	14.1	33.9	38.7	21.5	26.1	34.7	25.5	19.6	30.1	26.8	34.4	31.2	89.4	47.7	53.9	43.1	114.9	78.1	121.5	120.5
ABplpapap	NA	NA	NA	NA	NA	NA	NA	NA	NA	NA	NA	NA	NA	NA	NA	NA	NA	NA	NA	NA	NA	NA	NA
ABplpapapa	NA	NA	NA	NA	NA	NA	NA	NA	NA	NA	NA	NA	NA	NA	NA	NA	NA	NA	NA	NA	NA	NA	NA
ABplpapapaa	265	60.4	68.4	29.8	48.3	49.8	30.8	27.8	44.7	35	34.3	43.7	43.5	44.7	56	101	64.7	67.1	59.7	133.5	91.2	129.6	134.8
ABplpapapap	265	60.4	68.4	29.8	48.3	49.8	30.8	27.8	44.7	35	34.3	43.7	43.5	44.7	56	101	64.7	42.3	59.7	133.5	91.2	129.6	134.8
ABplpapapp	NA	NA	NA	NA	NA	NA	NA	NA	NA	NA	NA	NA	NA	NA	NA	NA	NA	NA	NA	NA	NA	NA	NA
ABplpapappa	255	55.4	62.3	25.1	48.3	51.6	33.8	31.1	39.8	36.5	36	42.2	47	37.8	49.5	97.6	63	17.6	55.8	130.1	86.8	128.1	137.9
ABplpapappp	255	55.4	62.3	25.1	48.3	51.6	33.8	31.1	39.8	36.5	36	42.2	47	37.8	49.5	97.6	63	21.8	55.8	130.1	86.8	128.1	137.9
ABplpapp	NA	NA	NA	NA	NA	NA	NA	NA	NA	NA	NA	NA	NA	NA	NA	NA	NA	NA	NA	NA	NA	NA	NA
ABplpappa	NA	NA	NA	NA	NA	NA	NA	NA	NA	NA	NA	NA	NA	NA	NA	NA	NA	NA	NA	NA	NA	NA	NA
ABplpappaa	NA	NA	NA	NA	NA	NA	NA	NA	NA	NA	NA	NA	NA	NA	NA	NA	NA	NA	NA	NA	NA	NA	NA
ABplpappaaa	285	84.9	98.1	54.9	71.3	70.1	55.4	57.3	71.2	66.8	52.3	64.8	70.3	67.1	75.6	119.2	90.3	91.9	72.4	155.4	112.9	154	155.4
ABplpappaap	285	78.4	98.1	54.9	71.3	70.1	55.4	57.3	71.2	66.8	52.3	64.8	70.3	67.1	75.6	119.2	90.3	36.5	72.4	155.4	112.9	154	155.4
ABplpappap	40	108.9	122.6	86	102.3	128.1	73.7	75.4	81	117.6	109.6	98	113.8	58.3	42.9	87.7	83	40.7	40.6	52	36	107.2	82.4
ABplpappp	NA	NA	NA	NA	NA	NA	NA	NA	NA	NA	NA	NA	NA	NA	NA	NA	NA	NA	NA	NA	NA	NA	NA
ABplpapppa	NA	NA	NA	NA	NA	NA	NA	NA	NA	NA	NA	NA	NA	NA	NA	NA	NA	NA	NA	NA	NA	NA	NA
ABplpapppaa	270	49.1	59.1	17.2	42.9	44.2	18.4	24.6	41.5	33.4	18	27.1	43.5	37.8	41.8	89.4	59.6	53.9	52	125	91.2	126.4	125.2
ABplpapppap	270	49.1	59.1	17.2	42.9	44.2	18.4	24.6	41.5	33.4	18	27.1	43.5	37.8	41.8	89.4	59.6	53.9	52	125	91.2	126.4	125.2
ABplpapppp	NA	NA	NA	NA	NA	NA	NA	NA	NA	NA	NA	NA	NA	NA	NA	NA	NA	NA	NA	NA	NA	NA	NA
ABplpappppa	265	47.3	54.5	11	35.7	35	13.8	19.6	39.8	31.8	8.1	25.7	31.8	36.1	41.8	82.8	56.2	55.4	46.9	113.2	85.3	119.8	128.4
ABplpappppp	265	47.3	54.5	11	35.7	35	13.8	19.6	39.8	31.8	8.1	25.7	31.8	36.1	41.8	82.8	56.2	55.4	46.9	113.2	85.3	119.8	128.4
ABplpp	NA	NA	NA	NA	NA	NA	NA	NA	NA	NA	NA	NA	NA	NA	NA	NA	NA	NA	NA	NA	NA	NA	NA
ABplppa	NA	NA	NA	NA	NA	NA	NA	NA	NA	NA	NA	NA	NA	NA	NA	NA	NA	NA	NA	NA	NA	NA	NA
ABplppaa	NA	NA	NA	NA	NA	NA	NA	NA	NA	NA	NA	NA	NA	NA	NA	NA	NA	NA	NA	NA	NA	NA	NA
ABplppaaa	NA	NA	NA	NA	NA	NA	NA	NA	NA	NA	NA	NA	NA	NA	NA	NA	NA	NA	NA	NA	NA	NA	NA
ABplppaaaa	NA	NA	NA	NA	NA	NA	NA	NA	NA	NA	NA	NA	NA	NA	NA	NA	NA	NA	NA	NA	NA	NA	NA
ABplppaaaaa	250	47.3	59.1	28.2	44.7	36.9	23	26.1	53.1	49.3	40.8	36.2	41.9	41.3	53.6	95.9	57.9	35	54.5	126.7	84	126.4	123.7
ABplppaaaap	NA	47.3	59.1	28.2	44.7	36.9	23	26.1	53.1	49.3	40.8	36.2	41.9	41.3	53.6	NA	57.9	65.6	54.5	NA	84	NA	NA
ABplppaaaapa	30	NA	NA	NA	NA	NA	NA	NA	NA	NA	NA	NA	NA	NA	NA	NA	NA	NA	NA	21.8	NA	44.2	22.1
ABplppaaaapp	145	NA	NA	NA	NA	NA	NA	NA	NA	NA	NA	NA	NA	NA	NA	NA	NA	NA	NA	21.8	NA	44.2	22.1
ABplppaaap	30	96.2	88.6	89.3	79.5	102.8	66.1	72.1	111	106.4	103.1	98.1	103.7	60.1	39	49.6	80.1	87.5	77.3	87.7	78.3	71.5	71.3
ABplppaap	NA	NA	NA	NA	NA	NA	NA	NA	NA	NA	NA	NA	NA	NA	NA	NA	NA	NA	NA	NA	NA	NA	NA
ABplppaapa	NA	NA	NA	NA	NA	NA	NA	90.2	NA	NA	NA	NA	NA	NA	NA	NA	NA	NA	NA	NA	NA	NA	NA
ABplppaapaa	30	35.9	32.6	6.2	25	16.6	3	NA	38.1	19	22.8	22.6	20	20.6	28.6	76.1	40.7	36.5	31.7	76.1	43.4	64	33.3
ABplppaapap	240	35.9	32.6	6.2	25	16.6	3	NA	38.1	19	22.8	22.6	20	20.6	28.6	76.1	40.7	36.5	31.7	108.1	68	105	107.8
ABplppaapp	NA	NA	NA	NA	NA	NA	NA	NA	NA	NA	NA	NA	NA	NA	NA	NA	NA	NA	NA	NA	NA	NA	NA
ABplppaappa	245	40.8	49.7	11	30.4	14.7	15.4	8.1	43.1	35	32.7	28.6	25.2	25.8	32.7	77.8	49.4	15.9	43.1	114.9	69.3	113.2	120.5
ABplppaappp	245	40.8	49.7	11	30.4	14.7	15.4	8.1	43.1	35	32.7	28.6	25.2	25.8	32.7	77.8	49.4	27.7	43.1	114.9	69.3	113.2	120.5
ABplppap	NA	NA	NA	NA	NA	NA	NA	NA	NA	NA	NA	NA	NA	NA	NA	NA	NA	NA	NA	NA	NA	NA	NA
ABplppapa	NA	NA	NA	NA	NA	NA	NA	NA	NA	NA	NA	NA	NA	NA	NA	NA	NA	NA	NA	NA	NA	NA	NA
ABplppapaa	NA	NA	NA	NA	NA	NA	NA	NA	NA	NA	NA	NA	NA	NA	NA	NA	NA	NA	NA	NA	NA	NA	NA
ABplppapaaa	NA	47.3	59.1	28.2	46.5	42.4	30.8	24.6	41.5	31.8	27.8	39.3	43.5	37.8	48.3	99.4	57.9	29.2	48.2	128.4	84	126.4	133.2
ABplppapaaaa	140	NA	NA	NA	NA	NA	NA	NA	NA	NA	NA	NA	NA	NA	NA	NA	NA	NA	NA	NA	NA	NA	NA
ABplppapaaap	140	NA	NA	NA	NA	NA	NA	NA	NA	NA	NA	NA	NA	NA	NA	NA	NA	NA	NA	NA	NA	NA	NA
ABplppapaap	260	47.3	59.1	28.2	46.5	42.4	30.8	24.6	41.5	31.8	27.8	39.3	43.5	37.8	48.3	99.4	57.9	42.4	48.2	128.4	84	126.4	133.2
ABplppapap	NA	NA	NA	NA	NA	NA	NA	96.7	NA	NA	NA	NA	NA	NA	NA	NA	NA	NA	NA	NA	NA	NA	NA
ABplppapapa	235	35.9	38.9	7.8	28.6	18.4	18.4	NA	16.5	17.4	4.8	19.6	20	12	34	77.8	37.5	34.9	35.5	114.9	63.5	110	114.2
ABplppapapp	235	35.9	38.9	7.8	28.6	18.4	18.4	NA	16.5	17.4	4.8	19.6	20	12	34	77.8	37.5	34.9	35.5	114.9	63.5	110	114.2
ABplppapp	NA	NA	NA	NA	NA	NA	NA	NA	NA	NA	NA	NA	NA	NA	NA	NA	NA	NA	NA	NA	NA	NA	NA
ABplppappa	NA	NA	NA	NA	NA	NA	NA	NA	NA	NA	NA	NA	NA	NA	NA	NA	NA	NA	NA	NA	NA	NA	NA
ABplppappaa	240	40.8	48.3	12.5	37.5	27.6	18.4	9.8	21.5	22.3	11.5	30.1	28.4	24.1	32.7	86	47.7	42.2	43.1	114.9	73.7	114.9	115.7
ABplppappap	240	40.8	48.3	12.5	37.5	27.6	18.4	9.8	21.5	22.3	11.5	30.1	28.4	24.1	32.7	86	47.7	42.2	43.1	114.9	73.7	114.9	115.7
ABplppappp	NA	NA	NA	95.6	NA	NA	NA	91.8	NA	NA	NA	NA	NA	NA	NA	NA	NA	NA	NA	NA	NA	NA	NA
ABplppapppa	230	24.6	37.3	NA	25	9.2	12.3	NA	16.5	9.5	NA	21.1	16.8	12	11.6	81	32.2	16	27.9	104.7	52.1	108.4	114.2
ABplppapppp	230	24.6	37.3	NA	25	9.2	12.3	NA	16.5	9.5	NA	21.1	16.8	12	11.6	81	32.2	30.7	27.9	104.7	52.1	108.4	114.2
ABplppp	NA	NA	NA	NA	NA	NA	NA	NA	NA	NA	NA	NA	NA	NA	NA	NA	NA	NA	NA	NA	NA	NA	NA
ABplpppa	NA	NA	NA	NA	NA	NA	NA	NA	NA	NA	NA	NA	NA	NA	NA	NA	NA	NA	NA	NA	NA	NA	NA
ABplpppaa	NA	NA	NA	NA	NA	NA	NA	NA	NA	NA	NA	NA	NA	NA	NA	NA	NA	NA	NA	NA	NA	NA	NA
ABplpppaaa	NA	NA	NA	NA	NA	NA	NA	NA	NA	NA	NA	NA	NA	NA	NA	NA	NA	NA	NA	NA	NA	NA	NA
ABplpppaaaa	260	50.6	49.7	14.1	32.2	42.4	21.5	19.6	38.1	30.2	16.3	34.7	36.8	29.2	37.7	91.1	47.7	46.6	49.4	116.6	78.1	116.6	126.9
ABplpppaaap	260	50.6	49.7	14.1	32.2	42.4	21.5	19.6	38.1	30.2	16.3	34.7	36.8	29.2	37.7	91.1	47.7	46.6	49.4	116.6	78.1	116.6	126.9
ABplpppaap	NA	NA	NA	NA	NA	NA	NA	NA	NA	NA	NA	NA	NA	NA	NA	NA	NA	NA	NA	NA	NA	NA	NA
ABplpppaapa	NA	47.3	52.8	15.7	42.9	40.5	24.6	26.1	38.1	28.6	26.1	37.7	41.9	32.7	45.8	92.7	52.8	55.4	53.3	123.3	84	119.8	123.7
ABplpppaapaa	115	NA	NA	NA	NA	NA	NA	NA	NA	NA	NA	NA	NA	NA	NA	NA	NA	NA	NA	NA	NA	NA	NA
ABplpppaapap	115	NA	NA	NA	NA	NA	NA	NA	NA	NA	NA	NA	NA	NA	NA	NA	NA	NA	NA	NA	NA	NA	NA
ABplpppaapp	292	47.3	52.8	15.7	42.9	40.5	24.6	26.1	38.1	28.6	26.1	37.7	41.9	32.7	45.8	92.7	52.8	55.4	53.3	123.3	84	119.8	123.7
ABplpppap	NA	NA	NA	NA	NA	NA	NA	NA	NA	NA	NA	NA	NA	NA	NA	NA	NA	NA	NA	NA	NA	NA	NA
ABplpppapa	NA	NA	NA	NA	NA	NA	NA	NA	NA	NA	NA	NA	NA	NA	NA	NA	NA	NA	NA	NA	NA	NA	NA
ABplpppapaa	275	70.1	79.4	43.9	60.8	57.1	49.2	45.9	58	54	37.6	58.9	61.9	54.9	67.9	114.2	80.1	52.5	72.4	147	108.7	141	149
ABplpppapap	275	70.1	79.4	43.9	60.8	57.1	49.2	45.9	58	54	37.6	58.9	61.9	54.9	67.9	112.5	80.1	77.3	72.4	147	108.7	141	149
ABplpppapp	35	100.9	94.9	98.7	116.8	113.7	89.2	103.3	114.3	77.7	99.7	81.5	110.4	74	37.7	82.7	96.9	62.7	35.4	80.8	40.4	71.4	44.2
ABplpppp	NA	NA	NA	NA	NA	NA	NA	NA	NA	NA	NA	NA	NA	NA	NA	NA	NA	NA	NA	NA	NA	NA	NA
ABplppppa	NA	NA	NA	NA	NA	NA	NA	NA	NA	NA	NA	NA	NA	NA	NA	NA	NA	NA	NA	NA	NA	NA	NA
ABplppppaa	NA	NA	NA	NA	NA	NA	NA	NA	NA	NA	NA	NA	NA	NA	NA	NA	NA	NA	NA	NA	NA	NA	NA
ABplppppaaa	260	49.1	65.4	21.9	44.7	47.9	37	34.4	46.4	31.8	29.5	45.3	41.9	48.1	60.1	102.6	61.3	59.8	57.2	131.8	88.3	128.1	133.2
ABplppppaap	260	49.1	65.4	21.9	44.7	47.9	37	34.4	46.4	31.8	29.5	45.3	41.9	48.1	60.1	102.6	61.3	59.8	57.2	131.8	88.3	128.1	133.2
ABplppppap	NA	NA	NA	NA	NA	NA	NA	NA	NA	NA	NA	NA	NA	NA	NA	NA	NA	NA	NA	NA	NA	NA	NA
ABplppppapa	270	50.6	66.9	23.5	44.7	51.6	33.8	31.1	49.7	36.5	34.3	39.3	45.4	43	56	102.6	63	64.1	55.8	133.5	85.3	129.6	131.6
ABplppppapp	270	50.6	66.9	23.5	44.7	51.6	33.8	31.1	49.7	36.5	34.3	39.3	45.4	43	56	102.6	63	64.1	55.8	133.5	85.3	129.6	131.6
ABplppppp	NA	NA	NA	NA	NA	NA	NA	NA	NA	NA	NA	NA	NA	NA	NA	NA	NA	NA	NA	NA	NA	NA	NA
ABplpppppa	NA	NA	NA	NA	NA	NA	NA	NA	NA	NA	103.1	NA	NA	NA	NA	NA	NA	135.7	NA	NA	NA	NA	NA
ABplpppppaa	260	37.5	46.8	6.2	28.6	27.6	16.9	11.4	21.5	20.7	NA	9	28.4	22.3	7.9	84.5	34	NA	43.1	114.9	70.8	110	120.5
ABplpppppap	260	37.5	46.8	6.2	28.6	27.6	16.9	11.4	21.5	20.7	NA	9	28.4	22.3	7.9	84.5	34	NA	43.1	114.9	70.8	110	120.5
ABplpppppp	NA	NA	NA	NA	NA	NA	NA	NA	NA	NA	NA	NA	NA	NA	NA	NA	NA	NA	NA	NA	NA	NA	NA
ABplppppppa	260	55.4	63.9	25.1	39.3	40.5	40	31.1	39.8	31.8	31.1	40.7	45.4	36.1	57.3	99.4	63	67.1	64.7	141.9	94.1	129.6	126.9
ABplppppppp	260	55.4	63.9	25.1	39.3	40.5	40	31.1	39.8	31.8	31.1	40.7	45.4	36.1	57.3	99.4	63	67.1	64.7	141.9	94.1	129.6	126.9
ABpr	NA	NA	NA	NA	NA	NA	NA	NA	NA	NA	NA	NA	NA	NA	NA	NA	NA	NA	NA	NA	NA	NA	NA
ABpra	NA	NA	NA	NA	NA	NA	NA	NA	NA	NA	NA	NA	NA	NA	NA	NA	NA	NA	NA	NA	NA	NA	NA
ABpraa	NA	NA	NA	NA	NA	NA	NA	NA	NA	NA	NA	NA	NA	NA	NA	NA	NA	NA	NA	NA	NA	NA	NA
ABpraaa	NA	NA	NA	NA	NA	NA	NA	NA	NA	NA	NA	NA	NA	NA	NA	NA	NA	NA	NA	NA	NA	NA	NA
ABpraaaa	NA	NA	NA	NA	NA	NA	NA	NA	NA	NA	NA	NA	NA	NA	NA	NA	NA	NA	NA	NA	NA	NA	NA
ABpraaaaa	NA	NA	NA	NA	NA	NA	NA	NA	NA	NA	NA	NA	NA	NA	NA	NA	NA	NA	NA	NA	NA	NA	NA
ABpraaaaaa	NA	NA	NA	89.3	NA	NA	NA	NA	NA	NA	NA	NA	NA	NA	NA	NA	NA	NA	NA	NA	NA	NA	NA
ABpraaaaaaa	235	30.9	37.3	NA	25	35	1.5	13	18.2	23.9	13.1	24.1	16.8	20.6	14.4	72.8	34	39.3	29.2	106.4	69.3	105	112.6
ABpraaaaaap	235	30.9	37.3	NA	25	35	1.5	13	18.2	23.9	13.1	24.1	16.8	20.6	14.4	72.8	34	13	29.2	106.4	69.3	105	112.6
ABpraaaaap	NA	NA	NA	89.3	NA	NA	89.2	NA	NA	NA	NA	NA	NA	NA	NA	NA	NA	NA	NA	NA	NA	NA	NA
ABpraaaaapd	225	21.2	28	NA	10.7	18.4	NA	8.1	9.9	12.7	6.5	15	3.2	NA	13.1	58	17	2.9	16.4	101.4	59.3	93.7	104.6
ABpraaaaapv	25	21.2	28	NA	10.7	18.4	NA	8.1	9.9	12.7	6.5	15	3.2	NA	13.1	58	17	29.1	16.4	101.4	59.3	93.7	76.1
ABpraaaap	NA	NA	NA	NA	NA	NA	NA	NA	NA	NA	NA	NA	NA	NA	NA	NA	NA	NA	NA	NA	NA	NA	NA
ABpraaaapa	NA	NA	NA	NA	NA	NA	NA	NA	NA	NA	NA	NA	NA	NA	NA	NA	NA	NA	NA	NA	NA	NA	NA
ABpraaaapad	245	40.8	56	26.6	39.3	46.1	18.4	24.6	33.2	30.2	16.3	31.7	35.2	34.4	40.5	86	51.1	46.6	46.9	121.6	82.5	116.6	123.7
ABpraaaapav	245	40.8	56	26.6	39.3	46.1	18.4	24.6	33.2	30.2	16.3	31.7	35.2	34.4	40.5	66.2	51.1	29.2	46.9	121.6	82.5	116.6	123.7
ABpraaaapp	NA	NA	NA	NA	NA	NA	NA	NA	NA	NA	NA	NA	NA	NA	NA	NA	NA	NA	NA	NA	NA	NA	NA
ABpraaaappa	20	53.8	63.9	40.8	46.5	51.6	29.2	40.9	49.7	39.7	32.7	45.3	43.5	25.8	33.8	51.3	56.3	61.2	34.3	49	17.4	26.2	42.7
ABpraaaappp	NA	53.8	63.9	40.8	46.5	51.6	29.2	40.9	49.7	39.7	32.7	45.3	43.5	46.4	49.5	86	59.6	61.2	50.8	NA	89.8	NA	NA
ABpraaaapppa	170	NA	NA	NA	NA	NA	NA	NA	NA	NA	NA	NA	NA	NA	NA	NA	NA	NA	NA	42.2	NA	32.7	41.2
ABpraaaapppp	25	NA	NA	NA	NA	NA	NA	NA	NA	NA	NA	NA	NA	NA	NA	NA	NA	NA	NA	42.2	NA	32.7	41.2
ABpraaap	NA	NA	NA	NA	NA	NA	NA	NA	NA	NA	NA	NA	NA	NA	NA	NA	NA	NA	NA	NA	NA	NA	NA
ABpraaapa	NA	NA	NA	NA	NA	NA	NA	NA	NA	NA	NA	NA	NA	NA	NA	NA	NA	NA	NA	NA	NA	NA	NA
ABpraaapaa	NA	NA	NA	NA	NA	NA	NA	NA	NA	NA	NA	NA	NA	NA	NA	NA	NA	NA	NA	NA	NA	NA	NA
ABpraaapaad	260	39.1	52.8	11	30.4	31.3	10.7	22.9	31.5	17.4	19.6	19.6	28.4	24.1	34	89.4	46	35	40.6	113.2	70.8	108.4	123.7
ABpraaapaav	50	39.1	52.8	11	30.4	31.3	10.7	22.9	31.5	17.4	19.6	19.6	28.4	24.1	34	89.4	46	30.6	26.7	60.8	49.1	69.1	42.8
ABpraaapap	NA	NA	NA	NA	NA	NA	NA	NA	NA	NA	NA	NA	NA	NA	NA	NA	NA	NA	NA	NA	NA	NA	NA
ABpraaapapa	NA	50.6	63.9	28.2	37.5	36.9	23	32.7	38.1	33.4	32.7	33.2	38.5	34.4	44.4	91.1	49.4	59.8	50.8	NA	79.6	114.9	NA
ABpraaapapaa	145	NA	NA	NA	NA	NA	NA	NA	NA	NA	NA	NA	NA	NA	NA	NA	NA	NA	NA	10	NA	NA	12.5
ABpraaapapap	30	NA	NA	NA	NA	NA	NA	NA	NA	NA	NA	NA	NA	NA	NA	NA	NA	NA	NA	10	NA	NA	12.5
ABpraaapapp	20	50.6	63.9	28.2	37.5	36.9	23	32.7	38.1	33.4	32.7	33.2	38.5	34.4	29.9	36.5	32.3	62.6	49.5	52.4	30.5	57.6	26.9
ABpraaapp	NA	NA	NA	NA	NA	NA	NA	NA	NA	NA	NA	NA	NA	NA	NA	NA	NA	NA	NA	NA	NA	NA	NA
ABpraaappa	NA	NA	NA	NA	NA	NA	NA	NA	NA	NA	NA	NA	NA	NA	NA	NA	NA	NA	NA	NA	NA	NA	NA
ABpraaappaa	270	53.8	62.3	26.6	48.3	51.6	24.6	39.3	48.1	36.5	21.3	36.2	38.5	39.5	48.3	91.1	61.3	59.8	57.2	130.1	91.2	126.4	126.9
ABpraaappap	270	53.8	62.3	26.6	48.3	51.6	24.6	39.3	48.1	36.5	21.3	36.2	38.5	39.5	48.3	91.1	61.3	59.8	57.2	130.1	91.2	126.4	126.9
ABpraaappp	NA	NA	NA	NA	NA	NA	NA	NA	NA	NA	NA	NA	NA	NA	NA	NA	NA	NA	NA	NA	NA	NA	NA
ABpraaapppa	NA	78.3	NA	59.6	71.3	77.4	53.8	62.3	71.2	66.8	55.7	66.4	65.5	65.2	73	NA	NA	NA	81.2	NA	NA	NA	NA
ABpraaapppaa	200	NA	2.9	NA	NA	NA	NA	NA	NA	NA	NA	NA	NA	NA	NA	16.5	NA	2.8	NA	65.9	17.3	60.8	68.1
ABpraaapppap	30	NA	2.9	NA	NA	NA	NA	NA	NA	NA	NA	NA	NA	NA	NA	16.5	NA	2.8	NA	65.9	17.3	28	23.7
ABpraaapppp	NA	78.3	NA	59.6	71.3	77.4	53.8	62.3	71.2	66.8	55.7	66.4	65.5	65.2	73	NA	NA	NA	NA	NA	NA	NA	NA
ABpraaappppa	200	NA	7.7	NA	NA	NA	NA	NA	NA	NA	NA	NA	NA	NA	NA	38	6.6	10.1	1.2	72.6	36.2	69.1	74.5
ABpraaappppp	200	NA	7.7	NA	NA	NA	NA	NA	NA	NA	NA	NA	NA	NA	NA	38	6.6	10.1	1.2	72.6	36.2	69.1	74.5
ABpraap	NA	NA	NA	NA	NA	NA	NA	NA	NA	NA	NA	NA	NA	NA	NA	NA	NA	NA	NA	NA	NA	NA	NA
ABpraapa	NA	NA	NA	NA	NA	NA	NA	NA	NA	NA	NA	NA	NA	NA	NA	NA	NA	NA	NA	NA	NA	NA	NA
ABpraapaa	NA	NA	NA	NA	NA	NA	NA	NA	NA	NA	NA	NA	NA	NA	NA	NA	NA	NA	NA	NA	NA	NA	NA
ABpraapaaa	NA	NA	NA	NA	NA	NA	NA	NA	NA	NA	NA	NA	NA	NA	NA	NA	NA	NA	NA	NA	NA	NA	NA
ABpraapaaaa	245	35.9	46.8	23.5	33.9	46.1	13.8	26.1	34.7	25.5	24.5	54.5	30.1	24.1	35.3	74.6	39.2	49.6	45.6	114.9	73.7	105	119
ABpraapaaap	245	35.9	46.8	23.5	33.9	46.1	13.8	26.1	34.7	25.5	24.5	86.3	30.1	24.1	35.3	74.6	39.2	49.6	45.6	114.9	73.7	105	119
ABpraapaap	NA	NA	NA	NA	NA	NA	NA	NA	NA	NA	NA	NA	NA	NA	NA	NA	NA	NA	NA	NA	NA	NA	NA
ABpraapaapa	260	50.6	60.7	29.8	42.9	57.1	26.2	36	41.5	41.4	36	104.5	45.4	37.8	45.8	86	56.2	26.1	52	126.7	84	119.8	131.6
ABpraapaapp	260	50.6	60.7	29.8	42.9	57.1	26.2	36	41.5	41.4	36	45.3	45.4	37.8	45.8	86	56.2	56.9	52	126.7	84	119.8	131.6
ABpraapap	NA	NA	NA	NA	NA	NA	NA	NA	NA	NA	NA	NA	NA	NA	NA	NA	NA	NA	NA	NA	NA	NA	NA
ABpraapapa	NA	NA	NA	NA	NA	NA	NA	NA	NA	NA	NA	NA	NA	NA	NA	NA	NA	NA	NA	NA	NA	NA	NA
ABpraapapaa	240	37.5	48.3	15.7	32.2	44.2	12.3	24.6	33.2	27	23	46.9	26.8	24.1	36.6	76.1	40.7	48.1	34.2	103.1	66.5	111.6	111
ABpraapapap	240	37.5	48.3	15.7	32.2	44.2	12.3	24.6	33.2	27	23	87.8	26.8	24.1	36.6	76.1	40.7	48.1	34.2	103.1	66.5	111.6	111
ABpraapapp	NA	NA	NA	NA	NA	NA	NA	NA	NA	NA	NA	NA	NA	NA	NA	NA	NA	NA	NA	NA	NA	NA	NA
ABpraapappa	260	53.8	68.4	39.2	55.4	66.4	37	49.2	53	47.7	44.2	74.1	53.5	48.1	53.6	99.4	66.4	71.4	54.5	133.5	88.3	134.6	133.2
ABpraapappp	NA	53.8	68.4	39.2	55.4	66.4	37	49.2	53	47.7	44.2	45.3	53.5	48.1	53.6	99.4	66.4	71.4	54.5	NA	88.3	NA	NA
ABpraapapppa	155	NA	NA	NA	NA	NA	NA	NA	NA	NA	NA	NA	NA	NA	NA	NA	NA	NA	NA	30.4	NA	29.4	30.1
ABpraapapppp	25	NA	NA	NA	NA	NA	NA	NA	NA	NA	NA	NA	NA	NA	NA	NA	NA	NA	NA	30.4	NA	29.4	30.1
ABpraapp	NA	NA	NA	NA	NA	NA	NA	NA	NA	NA	NA	NA	NA	NA	NA	NA	NA	NA	NA	NA	NA	NA	NA
ABpraappa	NA	NA	NA	NA	NA	NA	NA	NA	NA	NA	NA	NA	NA	NA	NA	NA	NA	NA	NA	NA	NA	NA	NA
ABpraappaa	320	123.9	130.5	103.4	115	115.5	100	108.2	117.6	111.1	104.7	167.8	115.4	110.1	117.5	162.2	127.7	134.2	115.5	195.8	154.8	194.6	196.6
ABpraappap	320	123.9	130.5	103.4	115	115.5	100	108.2	117.6	111.1	104.7	170.9	115.4	110.1	117.5	162.2	127.7	134.2	115.5	195.8	154.8	194.6	196.6
ABpraappp	NA	NA	NA	NA	NA	NA	NA	NA	NA	NA	NA	NA	NA	NA	NA	NA	NA	NA	NA	NA	NA	NA	NA
ABpraapppa	330	128.8	136.6	111.2	123.9	126.3	106.1	116.4	125.9	122.3	112.9	178.4	120.3	115.1	126.4	170.5	134.3	140	121.8	202.5	162.1	199.4	204.5
ABpraapppp	330	128.8	136.6	111.2	123.9	126.3	106.1	116.4	125.9	122.3	112.9	178.4	120.3	115.1	126.4	170.5	134.3	140	121.8	202.5	162.1	199.4	204.5
ABprap	NA	NA	NA	NA	NA	NA	NA	NA	NA	NA	NA	NA	NA	NA	NA	NA	NA	NA	NA	NA	NA	NA	NA
ABprapa	NA	NA	NA	NA	NA	NA	NA	NA	NA	NA	NA	NA	NA	NA	NA	NA	NA	NA	NA	NA	NA	NA	NA
ABprapaa	NA	NA	NA	NA	NA	NA	NA	NA	NA	NA	NA	NA	NA	NA	NA	NA	NA	NA	NA	NA	NA	NA	NA
ABprapaaa	NA	NA	NA	NA	NA	NA	NA	NA	NA	NA	NA	NA	NA	NA	NA	NA	NA	NA	NA	NA	NA	NA	NA
ABprapaaaa	NA	NA	NA	NA	NA	NA	NA	NA	NA	NA	NA	NA	NA	NA	NA	NA	NA	NA	NA	NA	NA	NA	NA
ABprapaaaaa	30	39.1	42	18.8	33.9	36.9	18.4	27.8	31.5	20.7	21.3	45.3	28.4	32.7	24.9	81	47.7	49.6	35.5	54.1	27.5	77.2	28.6
ABprapaaaap	NA	39.1	42	18.8	33.9	36.9	18.4	27.8	31.5	20.7	21.3	99.9	28.4	32.7	34	81	47.7	49.6	35.5	113.2	78.1	NA	NA
ABprapaaaapa	125	NA	NA	NA	NA	NA	NA	NA	NA	NA	NA	NA	NA	NA	NA	NA	NA	NA	NA	NA	NA	1.6	7.8
ABprapaaaapp	125	NA	NA	NA	NA	NA	NA	NA	NA	NA	NA	NA	NA	NA	NA	NA	NA	NA	NA	NA	NA	1.6	7.8
ABprapaaap	NA	NA	NA	NA	NA	NA	NA	NA	NA	NA	NA	NA	NA	NA	NA	NA	NA	NA	NA	NA	NA	NA	NA
ABprapaaapa	NA	49.1	51.2	17.2	37.5	40.5	21.5	29.5	33.2	30.2	31.1	101.4	31.8	34.4	35.3	79.5	49.4	58.4	43.1	113.2	81	NA	112.6
ABprapaaapad	125	NA	NA	NA	NA	NA	NA	NA	NA	NA	NA	NA	NA	NA	NA	NA	NA	NA	NA	NA	NA	6.4	NA
ABprapaaapav	125	NA	NA	NA	NA	NA	NA	NA	NA	NA	NA	NA	NA	NA	NA	NA	NA	NA	NA	NA	NA	6.4	NA
ABprapaaapp	245	49.1	51.2	17.2	37.5	40.5	21.5	29.5	33.2	30.2	31.1	101.4	31.8	34.4	35.3	79.5	49.4	58.4	43.1	113.2	81	123.1	112.6
ABprapaap	NA	NA	NA	NA	NA	NA	NA	NA	NA	NA	NA	NA	NA	NA	NA	NA	NA	NA	NA	NA	NA	NA	NA
ABprapaapa	325	120.6	122.9	98.7	109.8	111.9	95.3	101.6	111	106.4	99.7	172.4	98.8	106.6	116	157.3	124.3	125.5	111.6	192.4	150.5	194.6	191.9
ABprapaapp	325	120.6	122.9	98.7	109.8	111.9	95.3	101.6	111	106.4	99.7	172.4	98.8	106.6	116	157.3	124.3	125.5	111.6	192.4	150.5	194.6	191.9
ABprapap	NA	NA	NA	NA	NA	NA	NA	NA	NA	NA	NA	NA	NA	NA	NA	NA	NA	NA	NA	NA	NA	NA	NA
ABprapapa	NA	NA	NA	NA	NA	NA	NA	NA	NA	NA	NA	NA	NA	NA	NA	NA	NA	NA	NA	NA	NA	NA	NA
ABprapapaa	NA	122.3	132.2	105	118.6	120.9	106.1	104.9	120.9	114.4	109.6	176.9	113.6	111.7	121.2	165.6	132.7	132.8	120.5	195.8	160.7	199.4	202.9
ABprapapaaa	NA	NA	NA	NA	NA	NA	NA	NA	NA	NA	NA	NA	NA	NA	NA	NA	NA	NA	NA	NA	NA	NA	NA
ABprapapaap	NA	NA	NA	NA	NA	NA	NA	NA	NA	NA	NA	NA	NA	NA	NA	NA	NA	NA	NA	NA	NA	NA	NA
ABprapapap	330	122.3	132.2	105	118.6	120.9	106.1	104.9	120.9	114.4	109.6	176.9	113.6	111.7	121.2	165.6	132.7	132.8	120.5	195.8	160.7	199.4	202.9
ABprapapp	NA	NA	NA	NA	NA	NA	NA	NA	NA	NA	NA	NA	NA	NA	NA	NA	NA	NA	NA	NA	NA	NA	NA
ABprapappa	330	127.2	135.2	108.1	120.3	122.7	107.6	108.2	122.6	116	111.3	181.4	117	113.4	123.9	170.5	137.7	134.2	125.5	202.5	163.5	201.1	207.6
ABprapappp	NA	NA	NA	NA	NA	NA	NA	NA	NA	NA	NA	NA	NA	NA	NA	NA	NA	NA	NA	NA	NA	NA	NA
ABprapapppa	25	29.4	49.7	18.8	23.2	31.3	16.9	16.3	26.5	25.5	19.6	72.6	23.5	20.6	22.2	58	51.1	43.7	36.7	66	24.5	88.6	95.2
ABprapapppp	NA	29.4	49.7	18.8	23.2	31.3	16.9	16.3	26.5	25.5	19.6	89.3	23.5	20.6	22.2	79.5	51.1	43.7	36.7	114.9	73.7	NA	NA
ABprapappppa	NA	NA	NA	NA	NA	NA	NA	NA	NA	NA	NA	NA	NA	NA	NA	NA	NA	NA	NA	NA	NA	21.1	36.5
ABprapappppaa	70	NA	NA	NA	NA	NA	NA	NA	NA	NA	NA	NA	NA	NA	NA	NA	NA	NA	NA	NA	NA	NA	NA
ABprapappppap	70	NA	NA	NA	NA	NA	NA	NA	NA	NA	NA	NA	NA	NA	NA	NA	NA	NA	NA	NA	NA	NA	NA
ABprapappppp	25	NA	NA	NA	NA	NA	NA	NA	NA	NA	NA	NA	NA	NA	NA	NA	NA	NA	NA	NA	NA	21.1	36.5
ABprapp	NA	NA	NA	NA	NA	NA	NA	NA	NA	NA	NA	NA	NA	NA	NA	NA	NA	NA	NA	NA	NA	NA	NA
ABprappa	NA	NA	NA	NA	NA	NA	NA	NA	NA	NA	NA	NA	NA	NA	NA	NA	NA	NA	NA	NA	NA	NA	NA
ABprappaa	NA	NA	NA	NA	NA	NA	NA	NA	NA	NA	NA	NA	NA	NA	NA	NA	NA	NA	NA	NA	NA	NA	NA
ABprappaaa	332	117.4	130.5	101.8	116.8	113.7	96.9	103.3	116	111.1	106.4	169.4	110.4	106.6	114.7	163.9	127.7	128.3	119.3	194.1	153.5	194.6	195
ABprappaap	332	117.4	130.5	101.8	116.8	113.7	96.9	103.3	116	111.1	106.4	169.4	110.4	106.6	114.7	163.9	127.7	128.3	119.3	194.1	153.5	194.6	195
ABprappap	NA	NA	NA	NA	NA	NA	NA	NA	NA	NA	NA	NA	NA	NA	NA	NA	NA	NA	NA	NA	NA	NA	NA
ABprappapa	332	118.9	128.9	101.8	115	115.5	100	101.6	119.3	111.1	104.7	169.4	112	106.6	113.4	167.2	131	129.8	120.5	194.1	154.8	194.6	196.6
ABprappapp	332	118.9	128.9	101.8	115	115.5	100	101.6	119.3	111.1	104.7	169.4	112	106.6	113.4	167.2	131	129.8	120.5	194.1	154.8	194.6	196.6
ABprappp	NA	NA	NA	NA	NA	NA	NA	NA	NA	NA	NA	NA	NA	NA	NA	NA	NA	NA	NA	NA	NA	NA	NA
ABprapppa	NA	NA	NA	NA	NA	NA	NA	NA	NA	NA	NA	NA	NA	NA	NA	NA	NA	NA	NA	NA	NA	NA	NA
ABprapppaa	NA	106	NA	95.6	NA	NA	92.3	NA	NA	NA	NA	NA	NA	NA	NA	NA	NA	NA	NA	NA	NA	NA	NA
ABprapppaaa	240	NA	13.9	NA	8.9	3.6	NA	NA	6.5	9.5	NA	51.5	1.6	NA	11.6	58	22	5.7	21.5	96.3	44.8	83.9	95.2
ABprapppaap	20	NA	13.9	NA	8.9	3.6	NA	NA	6.5	9.5	NA	68.2	1.6	NA	11.6	58	22	5.7	21.5	96.3	41.9	31.5	36.5
ABprapppap	NA	NA	NA	NA	NA	NA	NA	NA	NA	NA	NA	NA	NA	NA	NA	NA	NA	NA	NA	NA	NA	NA	NA
ABprapppapa	20	27.8	54.5	23.5	30.4	35	23	22.9	36.4	28.6	27.8	36.3	25.2	30.9	31.1	84.5	51.1	30.6	33.2	71.1	57.9	65.8	30.1
ABprapppapp	NA	27.8	54.5	23.5	30.4	35	23	22.9	36.4	28.6	27.8	97	25.2	30.9	37.7	84.5	51.1	40.7	44.5	NA	76.7	NA	NA
ABprapppappa	145	NA	NA	NA	NA	NA	NA	NA	NA	NA	NA	NA	NA	NA	NA	NA	NA	NA	NA	11.7	NA	8.1	14.2
ABprapppappp	145	NA	NA	NA	NA	NA	NA	NA	NA	NA	NA	NA	NA	NA	NA	NA	NA	NA	NA	11.7	NA	8.1	14.2
ABprapppp	NA	NA	NA	NA	NA	NA	NA	NA	NA	NA	NA	NA	NA	NA	NA	NA	NA	NA	NA	NA	NA	NA	NA
ABprappppa	320	109.2	121.4	97.1	106.3	110	92.3	98.4	109.4	104.8	96.6	166.3	97.1	99.7	112.1	155.5	122.6	106.6	112.9	192.4	149.1	188.1	190.2
ABprappppp	320	109.2	121.4	97.1	106.3	110	92.3	98.4	109.4	104.8	96.6	166.3	97.1	99.7	112.1	155.5	122.6	125.5	112.9	192.4	149.1	188.1	190.2
ABprp	NA	NA	NA	NA	NA	NA	NA	NA	NA	NA	NA	NA	NA	NA	NA	NA	NA	NA	NA	NA	NA	NA	NA
ABprpa	NA	NA	NA	NA	NA	NA	NA	NA	NA	NA	NA	NA	NA	NA	NA	NA	NA	NA	NA	NA	NA	NA	NA
ABprpaa	NA	NA	NA	NA	NA	NA	NA	NA	NA	NA	NA	NA	NA	NA	NA	NA	NA	NA	NA	NA	NA	NA	NA
ABprpaaa	NA	NA	NA	NA	NA	NA	NA	NA	NA	NA	NA	NA	NA	NA	NA	NA	NA	NA	NA	NA	NA	NA	NA
ABprpaaaa	NA	NA	NA	NA	NA	NA	NA	NA	NA	NA	NA	NA	NA	NA	NA	NA	NA	NA	NA	NA	NA	NA	NA
ABprpaaaaa	NA	NA	NA	NA	NA	NA	NA	NA	NA	NA	NA	NA	NA	NA	NA	NA	NA	NA	NA	NA	NA	NA	NA
ABprpaaaaaa	260	50.6	56	28.2	35.7	46.1	21.5	29.5	36.4	33.4	18	39.3	36.8	25.8	45.8	87.7	49.4	53.9	41.9	116.6	79.6	121.5	122.2
ABprpaaaaap	260	50.6	56	28.2	35.7	46.1	21.5	29.5	36.4	33.4	18	39.3	36.8	25.8	45.8	87.7	49.4	53.9	41.9	116.6	79.6	121.5	122.2
ABprpaaaap	NA	NA	NA	NA	NA	NA	NA	NA	NA	NA	NA	NA	NA	NA	NA	NA	NA	NA	NA	NA	NA	NA	NA
ABprpaaaapa	260	55.4	62.3	37.6	46.5	59	27.6	36	49.7	38.1	34.3	49.8	43.5	39.5	56	97.6	64.7	59.8	36.7	126.7	91.2	132.9	133.2
ABprpaaaapp	260	55.4	62.3	37.6	46.5	59	27.6	36	49.7	38.1	34.3	49.8	43.5	39.5	56	97.6	64.7	59.8	35.5	126.7	91.2	132.9	133.2
ABprpaaap	NA	NA	NA	NA	NA	NA	NA	NA	NA	NA	NA	NA	NA	NA	NA	NA	NA	NA	NA	NA	NA	NA	NA
ABprpaaapa	NA	NA	NA	NA	NA	NA	NA	NA	NA	NA	NA	NA	NA	NA	NA	NA	NA	NA	NA	NA	NA	NA	NA
ABprpaaapaa	240	29.4	37.3	9.4	23.2	33.2	7.6	9.8	21.5	15.9	11.5	21.1	16.8	15.5	23.5	76.1	30.5	29.1	35.5	106.4	57.8	110	111
ABprpaaapap	240	29.4	37.3	9.4	23.2	33.2	7.6	9.8	21.5	15.9	11.5	21.1	16.8	15.5	23.5	76.1	30.5	29.1	35.5	106.4	57.8	110	111
ABprpaaapp	NA	NA	NA	NA	NA	NA	NA	NA	NA	NA	NA	NA	NA	NA	NA	NA	NA	NA	NA	NA	NA	NA	NA
ABprpaaappa	NA	50.6	63.9	39.2	48.3	53.5	37	34.4	44.7	39.7	44.2	45.3	47	43	56	92.6	57.9	43.7	58.4	NA	92.7	NA	NA
ABprpaaappaa	144	NA	NA	NA	NA	NA	NA	NA	NA	NA	NA	NA	NA	NA	NA	NA	NA	NA	NA	11.7	NA	14.6	14.2
ABprpaaappap	29	NA	NA	NA	NA	NA	NA	NA	NA	NA	NA	NA	NA	NA	NA	NA	NA	NA	NA	11.7	NA	14.6	14.2
ABprpaaappp	260	50.6	63.9	39.2	48.3	53.5	37	34.4	44.7	20.7	44.2	45.3	47	43	56	95.9	57.9	18.8	58.4	131.8	92.7	136.2	136.4
ABprpaap	NA	NA	NA	NA	NA	NA	NA	NA	NA	NA	NA	NA	NA	NA	NA	NA	NA	NA	NA	NA	NA	NA	NA
ABprpaapa	NA	NA	NA	NA	NA	NA	NA	NA	NA	NA	NA	NA	NA	NA	NA	NA	NA	NA	NA	NA	NA	NA	NA
ABprpaapaa	NA	NA	NA	NA	NA	NA	NA	NA	NA	NA	NA	NA	NA	NA	NA	NA	NA	NA	NA	NA	NA	NA	NA
ABprpaapaaa	250	42.5	52.8	32.9	33.9	35	20	31.1	34.7	31.8	24.5	34.7	36.8	37.8	44.4	92.7	51.1	53.9	46.9	118.3	78.1	128.1	126.9
ABprpaapaap	250	42.5	52.8	32.9	33.9	35	20	31.1	34.7	31.8	24.5	34.7	36.8	37.8	44.4	92.7	51.1	39.4	46.9	118.3	78.1	128.1	126.9
ABprpaapap	NA	NA	NA	NA	NA	NA	NA	NA	NA	NA	NA	NA	NA	NA	NA	NA	NA	NA	NA	NA	NA	NA	NA
ABprpaapapa	250	44.1	52.8	29.8	33.9	40.5	24.6	24.6	34.7	33.4	24.5	37.7	40.2	30.9	47	94.4	47.7	48.1	49.4	121.6	78.1	129.6	123.7
ABprpaapapp	250	44.1	52.8	29.8	33.9	40.5	24.6	24.6	34.7	33.4	24.5	37.7	40.2	30.9	47	94.4	47.7	48.1	49.4	121.6	78.1	129.6	123.7
ABprpaapp	NA	NA	NA	NA	NA	NA	NA	NA	NA	NA	NA	NA	NA	NA	NA	NA	NA	NA	NA	NA	NA	NA	NA
ABprpaappa	NA	NA	NA	NA	NA	NA	NA	NA	NA	NA	NA	NA	NA	NA	NA	NA	NA	NA	NA	NA	NA	NA	NA
ABprpaappaa	253	49.1	62.3	40.8	42.9	49.8	27.6	37.7	46.4	39.7	32.7	39.3	47	44.7	50.8	99.4	59.6	64.1	55.8	125	86.8	132.9	126.9
ABprpaappap	253	49.1	62.3	40.8	42.9	49.8	27.6	37.7	46.4	39.7	32.7	39.3	47	44.7	50.8	99.4	59.6	52.5	55.8	125	86.8	132.9	126.9
ABprpaappp	NA	NA	NA	NA	NA	NA	NA	NA	NA	NA	NA	NA	NA	NA	NA	NA	NA	NA	NA	NA	NA	NA	NA
ABprpaapppa	260	52.2	62.3	45.5	46.5	55.3	30.8	39.3	44.7	43	36	43.7	48.6	41.3	56	97.6	59.6	67.1	57.2	136.9	84	136.2	130.1
ABprpaapppp	NA	52.2	62.3	45.5	46.5	55.3	30.8	39.3	44.7	43	36	43.7	48.6	41.3	56	97.6	59.6	67.1	57.2	NA	84	NA	NA
ABprpaappppa	145	NA	NA	NA	NA	NA	NA	NA	NA	NA	NA	NA	NA	NA	NA	NA	NA	NA	NA	20.1	NA	40.9	23.7
ABprpaappppp	35	NA	NA	NA	NA	NA	NA	NA	NA	NA	NA	NA	NA	NA	NA	NA	NA	NA	NA	20.1	NA	40.9	23.7
ABprpap	NA	NA	NA	NA	NA	NA	NA	NA	NA	NA	NA	NA	NA	NA	NA	NA	NA	NA	NA	NA	NA	NA	NA
ABprpapa	NA	NA	NA	NA	NA	NA	NA	NA	NA	NA	NA	NA	NA	NA	NA	NA	NA	NA	NA	NA	NA	NA	NA
ABprpapaa	NA	NA	NA	NA	NA	NA	NA	NA	NA	NA	NA	NA	NA	NA	NA	NA	NA	NA	NA	NA	NA	NA	NA
ABprpapaaa	NA	NA	NA	NA	NA	NA	NA	NA	NA	NA	NA	NA	NA	NA	NA	NA	NA	NA	NA	NA	NA	NA	NA
ABprpapaaaa	246	40.8	56	15.7	30.4	36.9	26.2	16.3	36.4	28.6	27.8	33.2	28.4	30.9	29.9	81	42.6	55.4	44.5	126.7	78.1	119.8	122.2
ABprpapaaap	246	40.8	56	15.7	30.4	36.9	26.2	16.3	36.4	28.6	27.8	33.2	28.4	30.9	29.9	81	42.6	26.2	44.5	126.7	78.1	119.8	122.2
ABprpapaap	NA	NA	NA	NA	NA	NA	NA	NA	NA	NA	NA	NA	NA	NA	NA	NA	NA	NA	NA	NA	NA	NA	NA
ABprpapaapa	250	42.5	52.8	17.2	32.2	33.2	24.6	18	33.2	28.6	24.5	31.7	31.8	29.2	39.2	84.5	47.7	53.9	39.3	120	78.1	119.8	120.5
ABprpapaapp	250	42.5	52.8	17.2	32.2	33.2	24.6	18	33.2	28.6	21.2	31.7	31.8	29.2	39.2	84.5	47.7	15.9	39.3	120	81	119.8	120.5
ABprpapap	NA	NA	NA	NA	NA	NA	NA	NA	NA	NA	NA	NA	NA	NA	NA	NA	NA	NA	NA	NA	NA	NA	NA
ABprpapapa	NA	NA	NA	NA	NA	NA	NA	NA	NA	NA	NA	NA	NA	NA	NA	NA	NA	NA	NA	NA	NA	NA	NA
ABprpapapaa	265	58.8	63.9	34.5	42.9	55.3	33.8	37.7	49.7	41.4	37.6	48.3	47	39.5	57.3	99.4	57.9	64.1	55.8	128.4	92.7	131.3	137.9
ABprpapapap	265	58.8	63.9	34.5	42.9	55.3	33.8	37.7	49.7	41.4	37.6	48.3	47	39.5	57.3	99.4	57.9	64.1	55.8	128.4	92.7	131.3	137.9
ABprpapapp	NA	NA	NA	NA	NA	NA	NA	NA	NA	NA	NA	NA	NA	NA	NA	NA	NA	NA	NA	NA	NA	NA	NA
ABprpapappa	260	55.4	60.7	31.3	42.9	51.6	33.8	34.4	46.4	36.5	36	46.8	41.9	36.1	56	101	56.2	24.6	52	128.4	91.2	131.3	137.9
ABprpapappp	260	55.4	60.7	31.3	42.9	51.6	33.8	34.4	46.4	36.5	36	46.8	41.9	36.1	56	101	56.2	61.2	52	128.4	91.2	131.3	137.9
ABprpapp	NA	NA	NA	NA	NA	NA	NA	NA	NA	NA	NA	NA	NA	NA	NA	NA	NA	NA	NA	NA	NA	NA	NA
ABprpappa	NA	NA	NA	NA	NA	NA	NA	NA	NA	NA	NA	NA	NA	NA	NA	NA	NA	NA	NA	NA	NA	NA	NA
ABprpappaa	NA	NA	NA	NA	NA	NA	NA	NA	NA	NA	NA	NA	NA	NA	NA	NA	NA	NA	NA	NA	NA	NA	NA
ABprpappaaa	265	62.1	68.4	42.3	48.3	60.8	37	39.3	48.1	46.1	37.6	49.8	51.9	46.4	60.1	97.6	64.7	70	54.5	135.2	92.7	136.2	136.4
ABprpappaap	265	62.1	68.4	42.3	48.3	60.8	37	39.3	48.1	46.1	37.6	49.8	51.9	46.4	60.1	97.6	64.7	70	54.5	135.2	92.7	136.2	136.4
ABprpappap	NA	NA	NA	NA	NA	NA	NA	NA	NA	NA	NA	NA	NA	NA	NA	NA	NA	NA	NA	NA	NA	NA	NA
ABprpappapa	265	58.8	68.4	34.5	44.7	53.5	37	37.7	51.4	44.5	37.6	49.8	50.3	46.4	53.6	101	66.4	68.5	50.8	138.5	88.3	129.6	136.4
ABprpappapp	265	58.8	68.4	34.5	44.7	53.5	37	37.7	51.4	44.5	37.6	49.8	50.3	46.4	53.6	101	66.4	59.8	50.8	138.5	88.3	129.6	136.4
ABprpappp	NA	NA	NA	NA	NA	NA	NA	NA	NA	NA	NA	NA	NA	NA	NA	NA	NA	NA	NA	NA	NA	NA	NA
ABprpapppa	NA	NA	NA	NA	NA	NA	NA	NA	NA	NA	NA	NA	NA	NA	NA	NA	NA	NA	NA	NA	NA	NA	NA
ABprpapppaa	260	53.8	63.9	31.3	44.7	49.8	27.6	39.3	39.8	41.4	34.3	42.2	48.6	39.5	47	97.6	57.9	59.8	46.9	126.7	79.6	126.4	123.7
ABprpapppap	260	53.8	63.9	31.3	44.7	49.8	27.6	39.3	39.8	41.4	34.3	42.2	48.6	39.5	47	97.6	57.9	54.1	46.9	126.7	79.6	126.4	123.7
ABprpapppp	NA	NA	NA	NA	NA	NA	NA	NA	NA	NA	NA	NA	NA	NA	NA	NA	NA	NA	NA	NA	NA	NA	NA
ABprpappppa	265	58.8	63.9	34.5	44.7	46.1	32.2	37.7	43	43	31.1	42.2	47	41.3	48.3	99.4	64.7	64.1	53.3	135.2	86.8	131.3	126.9
ABprpappppp	265	58.8	63.9	34.5	44.7	46.1	32.2	37.7	43	43	31.1	42.2	47	41.3	48.3	99.4	64.7	64.1	53.3	135.2	86.8	131.3	126.9
ABprpp	NA	NA	NA	NA	NA	NA	NA	NA	NA	NA	NA	NA	NA	NA	NA	NA	NA	NA	NA	NA	NA	NA	NA
ABprppa	NA	NA	NA	NA	NA	NA	NA	NA	NA	NA	NA	NA	NA	NA	NA	NA	NA	NA	NA	NA	NA	NA	NA
ABprppaa	NA	NA	NA	NA	NA	NA	NA	NA	NA	NA	NA	NA	NA	NA	NA	NA	NA	NA	NA	NA	NA	NA	NA
ABprppaaa	NA	NA	NA	NA	NA	NA	NA	NA	NA	NA	NA	NA	NA	NA	NA	NA	NA	NA	NA	NA	NA	NA	NA
ABprppaaaa	NA	NA	NA	NA	NA	NA	NA	NA	NA	NA	NA	NA	NA	NA	NA	NA	NA	NA	NA	NA	NA	NA	NA
ABprppaaaaa	252	49.1	49.7	29.8	41.1	42.4	27.6	27.8	51.4	47.7	47.5	33.2	40.2	29.2	44.4	89.4	57.9	62.8	49.4	125	86.8	128.1	125.2
ABprppaaaap	NA	49.1	49.7	29.8	41.1	42.4	27.6	27.8	51.4	47.7	47.5	33.2	40.2	29.2	44.4	89.4	57.9	10.2	49.4	NA	86.8	NA	NA
ABprppaaaapa	30	NA	NA	NA	NA	NA	NA	NA	NA	NA	NA	NA	NA	NA	NA	NA	NA	NA	NA	30.4	NA	40.9	31.7
ABprppaaaapp	140	NA	NA	NA	NA	NA	NA	NA	NA	NA	NA	NA	NA	NA	NA	NA	NA	NA	NA	30.4	NA	40.9	31.7
ABprppaaap	25	91.2	77.8	94	102.8	106.5	89.2	91.8	116.1	61.9	89.9	98.1	100.5	61.8	37.7	76	78.5	43.7	54.5	69	30.2	83.1	123.6
ABprppaap	NA	NA	NA	NA	NA	NA	NA	NA	NA	NA	NA	NA	NA	NA	NA	NA	NA	NA	NA	NA	NA	NA	NA
ABprppaapa	NA	NA	NA	NA	NA	NA	NA	NA	NA	NA	NA	NA	NA	NA	NA	NA	NA	NA	NA	NA	NA	NA	NA
ABprppaapaa	25	26.2	34.2	12.5	19.6	27.6	6.1	9.8	36.6	27.1	29.5	19.6	18.4	17.2	23.5	77.8	39.2	40.7	27.9	86.2	30.2	26	42.8
ABprppaapap	235	26.2	34.2	12.5	19.6	27.6	6.1	9.8	36.6	25.5	29.5	19.6	18.4	17.2	23.5	77.8	39.2	40.7	27.9	111.5	69.3	100.2	104.6
ABprppaapp	NA	NA	NA	NA	NA	NA	NA	NA	NA	NA	NA	NA	NA	NA	NA	NA	NA	NA	NA	NA	NA	NA	NA
ABprppaappa	245	34.3	51.2	17.2	28.6	36.9	18.4	16.3	39.8	31.8	29.5	30.1	30.1	25.8	34	74.6	49.4	17.5	31.7	116.6	72.3	118.2	115.7
ABprppaappp	245	34.3	51.2	17.2	28.6	36.9	18.4	16.3	39.8	31.8	29.5	30.1	30.1	25.8	34	74.6	49.4	49.6	31.7	116.6	72.3	118.2	115.7
ABprppap	NA	NA	NA	NA	NA	NA	NA	NA	NA	NA	NA	NA	NA	NA	NA	NA	NA	NA	NA	NA	NA	NA	NA
ABprppapa	NA	NA	NA	NA	NA	NA	NA	NA	NA	NA	NA	NA	NA	NA	NA	NA	NA	NA	NA	NA	NA	NA	NA
ABprppapaa	NA	NA	NA	NA	NA	NA	NA	NA	NA	NA	NA	NA	NA	NA	NA	NA	NA	NA	NA	NA	NA	NA	NA
ABprppapaaa	NA	49.1	57.6	36	46.5	49.8	24.6	34.4	43	38.1	32.7	37.7	35.2	34.4	49.5	91.1	59.6	18.9	50.8	121.6	84	123.1	123.7
ABprppapaaaa	140	NA	NA	NA	NA	NA	NA	NA	NA	NA	NA	NA	NA	NA	NA	NA	NA	NA	NA	NA	NA	NA	NA
ABprppapaaap	140	NA	NA	NA	NA	NA	NA	NA	NA	NA	NA	NA	NA	NA	NA	NA	NA	NA	NA	NA	NA	NA	NA
ABprppapaap	260	49.1	57.6	36	46.5	49.8	24.6	34.4	43	38.1	32.7	37.7	35.2	34.4	49.5	91.1	59.6	23.2	50.8	121.6	84	123.1	123.7
ABprppapap	NA	NA	NA	NA	NA	NA	NA	NA	NA	NA	NA	NA	NA	NA	NA	NA	NA	NA	NA	NA	NA	NA	NA
ABprppapapa	235	21.2	29.4	18.8	23.2	27.6	12.3	21.2	21.5	14.3	13.1	13.5	16.8	6.9	10.3	72.8	35.8	36.5	31.7	99.6	69.3	93.7	109.3
ABprppapapp	235	21.2	29.4	18.8	23.2	27.6	12.3	21.2	21.5	14.3	13.1	13.5	16.8	6.9	10.3	72.8	35.8	11.7	31.7	99.6	69.3	93.7	109.3
ABprppapp	NA	NA	NA	NA	NA	NA	NA	NA	NA	NA	NA	NA	NA	NA	NA	NA	NA	NA	NA	NA	NA	NA	NA
ABprppappa	NA	NA	NA	NA	NA	NA	NA	NA	NA	NA	NA	NA	NA	NA	NA	NA	NA	NA	NA	NA	NA	NA	NA
ABprppappaa	245	37.5	40.5	18.8	30.4	35	15.4	26.1	26.5	23.9	21.3	25.7	26.8	18.9	27.3	84.5	46	51	34.2	116.6	72.3	110	114.2
ABprppappap	245	37.5	40.5	18.8	30.4	35	15.4	26.1	26.5	23.9	21.3	25.7	26.8	18.9	27.3	84.5	46	51	34.2	116.6	72.3	110	114.2
ABprppappp	NA	NA	NA	NA	NA	NA	NA	NA	NA	NA	NA	NA	NA	NA	NA	NA	NA	NA	NA	NA	NA	NA	NA
ABprppapppa	230	27.8	29.4	4.7	10.7	18.4	3	6.4	19.9	12.7	NA	13.5	10	8.6	7.9	62.9	32.2	37.9	22.8	104.7	62.1	101.8	99.9
ABprppapppp	230	27.8	29.4	4.7	10.7	18.4	3	6.4	19.9	12.7	NA	13.5	10	8.6	7.9	62.9	32.2	37.9	22.8	104.7	62.1	101.8	99.9
ABprppp	NA	NA	NA	NA	NA	NA	NA	NA	NA	NA	NA	NA	NA	NA	NA	NA	NA	NA	NA	NA	NA	NA	NA
ABprpppa	NA	NA	NA	NA	NA	NA	NA	NA	NA	NA	NA	NA	NA	NA	NA	NA	NA	NA	NA	NA	NA	NA	NA
ABprpppaa	NA	NA	NA	NA	NA	NA	NA	NA	NA	NA	NA	NA	NA	NA	NA	NA	NA	NA	NA	NA	NA	NA	NA
ABprpppaaa	NA	NA	NA	NA	NA	NA	NA	NA	NA	NA	NA	NA	NA	NA	NA	NA	NA	131.3	NA	NA	NA	NA	NA
ABprpppaaaa	260	47.3	52.8	23.5	33.9	42.4	26.2	24.6	34.7	33.4	31.1	37.7	35.2	18.9	31.2	89.4	46	NA	38.1	116.6	82.5	124.7	123.7
ABprpppaaap	260	47.3	52.8	23.5	33.9	42.4	26.2	24.6	34.7	33.4	31.1	37.7	35.2	18.9	31.2	89.4	46	NA	38.1	116.6	82.5	124.7	123.7
ABprpppaap	NA	NA	NA	NA	NA	NA	NA	NA	NA	NA	NA	NA	NA	NA	NA	NA	NA	NA	NA	NA	NA	NA	NA
ABprpppaapa	NA	42.5	49.7	26.6	30.4	42.4	20	24.6	31.5	31.8	29.5	42.2	30.1	22.3	27.3	84.5	46	30.6	40.6	120	78.1	123.1	123.7
ABprpppaapaa	115	NA	NA	NA	NA	NA	NA	NA	NA	NA	NA	NA	NA	NA	NA	NA	NA	NA	NA	NA	NA	NA	NA
ABprpppaapap	115	NA	NA	NA	NA	NA	NA	NA	NA	NA	NA	NA	NA	NA	NA	NA	NA	NA	NA	NA	NA	NA	NA
ABprpppaapp	265	42.5	49.7	26.6	30.4	42.4	20	24.6	31.5	31.8	29.5	42.2	30.1	22.3	27.3	84.5	46	53.9	40.6	120	78.1	123.1	123.7
ABprpppap	NA	NA	NA	NA	NA	NA	NA	NA	NA	NA	NA	NA	NA	NA	NA	NA	NA	NA	NA	NA	NA	NA	NA
ABprpppapa	NA	NA	NA	NA	NA	NA	NA	NA	NA	NA	NA	NA	NA	NA	NA	NA	NA	108	NA	NA	NA	NA	NA
ABprpppapaa	275	63.7	76.2	48.6	55.4	62.7	40	49.2	56.3	52.5	50.7	57.3	51.9	48.1	60.1	112.5	76.7	NA	66	143.6	101.3	145.9	142.8
ABprpppapap	275	63.7	76.2	48.6	55.4	62.7	40	49.2	56.3	52.5	50.7	57.3	51.9	48.1	60.1	112.5	76.7	NA	66	143.6	101.3	145.9	142.8
ABprpppapp	30	120.6	96.4	81.3	104.4	91.5	84.5	106.6	114.3	93.7	104.7	113.2	107.1	56.7	24.6	120.9	73	75.9	40.6	111.2	46.1	45.4	42.8
ABprpppp	NA	NA	NA	NA	NA	NA	NA	NA	NA	NA	NA	NA	NA	NA	NA	NA	NA	NA	NA	NA	NA	NA	NA
ABprppppa	NA	NA	NA	NA	NA	NA	NA	NA	NA	NA	NA	NA	NA	NA	NA	NA	NA	NA	NA	NA	NA	NA	NA
ABprppppaa	NA	NA	NA	NA	NA	NA	NA	NA	NA	NA	NA	NA	NA	NA	NA	NA	NA	NA	NA	NA	NA	NA	NA
ABprppppaaa	260	53.8	60.7	34.5	46.5	47.9	33.8	36	44.7	41.4	29.5	43.7	41.9	32.7	47	97.6	63	67.1	49.4	131.8	79.6	131.3	128.4
ABprppppaap	260	53.8	60.7	34.5	46.5	47.9	33.8	36	44.7	41.4	29.5	43.7	41.9	32.7	47	97.6	63	67.1	49.4	131.8	79.6	131.3	128.4
ABprppppap	NA	NA	NA	NA	NA	NA	NA	NA	NA	NA	NA	NA	NA	NA	NA	NA	NA	NA	NA	NA	NA	NA	NA
ABprppppapa	270	57.1	60.7	40.8	48.3	51.6	27.6	40.9	49.7	43	36	49.8	41.9	39.5	53.6	102.6	66.4	27.7	54.5	133.5	85.3	134.6	126.9
ABprppppapp	270	57.1	60.7	40.8	48.3	51.6	27.6	40.9	49.7	43	36	49.8	41.9	39.5	53.6	102.6	66.4	65.6	54.5	133.5	85.3	134.6	126.9
ABprppppp	NA	NA	NA	NA	NA	NA	NA	NA	NA	NA	NA	NA	NA	NA	NA	NA	NA	NA	NA	NA	NA	NA	NA
ABprpppppa	NA	NA	NA	NA	NA	NA	NA	NA	NA	NA	NA	NA	NA	NA	NA	NA	NA	NA	NA	NA	NA	NA	NA
ABprpppppaa	260	29.4	49.7	17.2	32.2	35	20	24.6	28.1	14.3	24.5	28.6	26.8	24.1	20.9	79.5	39.2	52.5	27.9	123.3	68	108.4	119
ABprpppppap	260	29.4	49.7	17.2	32.2	35	20	24.6	28.1	14.3	24.5	28.6	26.8	24.1	20.9	79.5	39.2	52.5	27.9	123.3	68	108.4	119
ABprpppppp	NA	NA	NA	NA	NA	NA	NA	NA	NA	NA	NA	NA	NA	NA	NA	NA	NA	NA	NA	NA	NA	NA	NA
ABprppppppa	260	53.8	57.6	36	46.5	55.3	35.4	42.6	41.5	35	32.7	43.7	40.2	32.7	47	99.4	59.6	68.5	55.8	140.2	89.8	128.1	126.9
ABprppppppp	260	53.8	57.6	36	46.5	55.3	35.4	42.6	41.5	35	32.7	43.7	40.2	32.7	47	99.4	59.6	40.9	55.8	140.2	89.8	128.1	126.9
C	NA	NA	NA	NA	3.5	NA	NA	NA	NA	NA	NA	NA	NA	NA	NA	NA	NA	NA	NA	NA	NA	NA	NA
Ca	NA	NA	NA	NA	NA	NA	NA	NA	NA	NA	NA	NA	NA	NA	NA	NA	NA	NA	NA	NA	NA	NA	NA
Caa	NA	NA	NA	NA	NA	NA	NA	NA	NA	NA	NA	NA	NA	NA	NA	NA	NA	NA	NA	NA	NA	NA	NA
Caaa	NA	NA	NA	NA	NA	NA	NA	NA	NA	NA	NA	NA	NA	NA	NA	NA	NA	NA	NA	NA	NA	NA	NA
Caaaa	NA	NA	NA	NA	NA	NA	NA	NA	NA	NA	NA	NA	NA	NA	NA	NA	NA	NA	NA	NA	NA	NA	NA
Caaaaa	335	132.1	127.6	108.1	113.4	113.7	127.7	103.3	122.6	119.1	114.4	182.9	120.3	151.4	126.4	180.4	141	140	126.9	205.8	164.9	199.4	199.8
Caaaap	335	132.1	127.6	108.1	113.4	113.7	127.7	103.3	122.6	119.1	114.4	182.9	120.3	151.4	126.4	180.4	141	140	126.9	205.8	164.9	199.4	199.8
Caaap	NA	NA	NA	NA	NA	NA	NA	NA	NA	NA	NA	NA	NA	NA	NA	NA	NA	NA	NA	NA	NA	NA	NA
Caaapa	330	136.7	132.2	114.4	111.6	113.7	130.8	106.6	124.2	125.4	114.4	187.3	125.4	154.8	134.2	182	146.1	140	132	209	167.9	202.6	206.1
Caaapp	330	136.7	132.2	114.4	111.6	113.7	130.8	106.6	124.2	125.4	114.4	187.3	125.4	154.8	134.2	182	146.1	140	132	209	167.9	202.6	206.1
Caap	NA	NA	NA	NA	NA	NA	NA	NA	NA	NA	NA	NA	NA	NA	NA	NA	NA	NA	NA	NA	NA	NA	NA
Caapa	NA	NA	NA	NA	NA	NA	NA	NA	NA	NA	NA	NA	NA	NA	NA	NA	NA	NA	NA	NA	NA	NA	NA
Caapaa	220	26.2	43.6	23.5	35.7	25.8	53.8	29.5	34.7	30.2	18	86.3	28.4	65.4	32.7	86	51.1	11.7	52	131.8	76.7	110	123.7
Caapap	35	26.2	43.6	23.5	35.7	25.8	53.8	29.5	34.7	30.2	18	46.9	28.4	65.4	32.7	86	51.1	51	45.6	131.8	43.4	74	42.8
Caapp	NA	NA	NA	NA	NA	NA	NA	NA	NA	NA	NA	NA	NA	NA	NA	NA	NA	NA	NA	NA	NA	NA	NA
Caappd	315	112.5	115.1	92.5	111.6	97.4	118.5	100	107.7	104.8	99.7	170.9	105.4	137.7	117.5	165.6	131	74.5	119.3	189.1	154.8	184.9	193.4
Caappv	315	112.5	115.1	92.5	111.6	97.4	118.5	100	107.7	104.8	99.7	170.9	105.4	137.7	117.5	165.6	131	125.5	119.3	189.1	154.8	184.9	193.4
Cap	NA	NA	NA	NA	NA	NA	NA	NA	NA	NA	NA	NA	NA	NA	NA	NA	NA	NA	NA	NA	NA	NA	NA
Capa	NA	NA	NA	NA	NA	NA	NA	NA	NA	NA	NA	NA	NA	NA	NA	NA	NA	NA	NA	NA	NA	NA	NA
Capaa	NA	NA	NA	NA	NA	NA	NA	NA	NA	NA	NA	NA	NA	NA	NA	NA	NA	NA	NA	NA	NA	NA	NA
Capaaa	NA	NA	NA	73.7	NA	NA	NA	75.5	NA	NA	NA	NA	NA	NA	89.9	NA	NA	NA	NA	NA	NA	NA	NA
Capaaaa	230	30.9	20.2	NA	16.1	9.2	23.1	NA	19.9	14.3	3.3	75.7	4.8	39.5	NA	56.2	27.2	37.9	19	98	52.1	93.7	96.7
Capaaap	230	30.9	20.2	NA	16.1	9.2	23.1	NA	19.9	14.3	3.3	75.7	4.8	39.5	NA	56.2	27.2	37.9	19	98	52.1	93.7	96.7
Capaap	NA	NA	NA	73.7	NA	92	NA	75.5	NA	NA	81.9	NA	NA	NA	89.9	NA	109.1	NA	NA	NA	NA	NA	NA
Capaapa	220	14.6	28	NA	5.3	NA	9.2	NA	6.5	7.9	NA	65.2	NA	29.2	NA	53	NA	29.1	11.3	81.1	40.4	82.1	84
Capaapp	220	14.6	28	NA	5.3	NA	9.2	NA	6.5	7.9	NA	65.2	NA	29.2	NA	53	NA	29.1	11.3	81.1	40.4	82.1	84
Capap	NA	NA	NA	NA	NA	NA	NA	NA	NA	NA	NA	NA	NA	NA	NA	NA	NA	NA	NA	NA	NA	NA	NA
Capapa	NA	NA	NA	70.5	NA	97.4	NA	75.5	NA	NA	77	NA	NA	NA	88.6	NA	NA	NA	NA	NA	NA	NA	NA
Capapaa	225	16.4	20.2	NA	NA	NA	16.9	NA	8.2	7.9	NA	75.7	NA	32.7	NA	61.2	25.5	27.8	19	86.2	53.5	83.9	90.4
Capapap	225	16.4	20.2	NA	NA	NA	16.9	NA	8.2	7.9	NA	75.7	NA	32.7	NA	61.2	25.5	33.5	19	86.2	53.5	83.9	90.4
Capapp	NA	NA	NA	70.5	NA	97.4	104.7	75.5	NA	89	77	NA	86.9	NA	88.6	NA	NA	118.1	NA	NA	NA	NA	NA
Capappa	219	1.6	17.1	NA	19.7	NA	NA	NA	3.2	NA	NA	63.6	NA	29.2	NA	53	8.5	NA	4.9	74.3	46.2	80.5	77.7
Capappp	219	1.6	17.1	NA	19.7	NA	NA	NA	3.2	NA	NA	63.6	NA	29.2	NA	53	8.5	NA	4.9	74.3	46.2	80.5	77.7
Capp	NA	NA	NA	NA	NA	NA	NA	NA	NA	NA	NA	NA	NA	NA	NA	NA	NA	NA	NA	NA	NA	NA	NA
Cappa	NA	NA	NA	NA	NA	NA	NA	NA	NA	NA	NA	NA	NA	NA	NA	NA	NA	NA	NA	NA	NA	NA	NA
Cappaa	NA	NA	NA	NA	NA	NA	NA	NA	NA	NA	NA	NA	NA	NA	NA	NA	NA	NA	NA	NA	NA	NA	NA
Cappaaa	240	40.8	45.1	14.1	23.2	20.2	46.2	13	33.2	28.6	9.8	89.3	25.2	63.7	19.6	81	54.5	45.2	43.1	108.1	70.8	111.6	114.2
Cappaap	240	40.8	45.1	14.1	23.2	20.2	46.2	13	33.2	28.6	9.8	89.3	25.2	63.7	19.6	81	54.5	52.5	43.1	108.1	70.8	111.6	114.2
Cappap	NA	NA	NA	NA	NA	NA	NA	NA	NA	NA	NA	NA	NA	NA	99.1	NA	NA	NA	NA	NA	NA	NA	NA
Cappapa	230	32.6	37.3	NA	12.5	11	35.4	8.1	24.8	14.3	9.8	83.4	18.4	46.4	NA	69.6	37.5	42.2	26.6	101.4	59.3	98.5	104.6
Cappapp	230	32.6	37.3	NA	12.5	11	35.4	8.1	24.8	14.3	9.8	83.4	18.4	46.4	NA	69.6	37.5	42.2	26.6	101.4	59.3	98.5	104.6
Cappp	NA	NA	NA	NA	NA	NA	NA	NA	NA	NA	NA	NA	NA	NA	NA	NA	NA	NA	NA	NA	NA	NA	NA
Capppa	NA	NA	NA	86.1	NA	NA	NA	NA	NA	NA	NA	NA	NA	NA	96.4	NA	NA	NA	NA	NA	NA	NA	NA
Capppaa	230	22.8	31.2	NA	17.8	3.6	32.3	6.4	14.8	25.5	9.8	81.8	13.3	41.3	NA	62.9	32.2	43.7	36.7	94.6	60.7	93.7	103.1
Capppap	230	22.8	31.2	NA	17.8	3.6	32.3	6.4	14.8	25.5	9.8	81.8	13.3	41.3	NA	62.9	32.2	43.7	36.7	94.6	60.7	93.7	103.1
Capppp	NA	NA	NA	86.1	NA	90.2	NA	83.6	NA	NA	91.6	NA	NA	NA	96.4	NA	NA	121	NA	NA	NA	NA	NA
Cappppd	220	NA	21.7	NA	41.2	NA	12.3	NA	NA	15.9	NA	71.2	6.7	24.1	NA	43.1	15.2	NA	20.2	79.4	46.2	90.5	85.5
Cappppv	220	NA	21.7	NA	41.2	NA	12.3	NA	NA	15.9	NA	71.2	6.7	24.1	NA	43.1	15.2	NA	20.2	79.4	46.2	90.5	85.5
Cp	NA	NA	NA	NA	NA	NA	NA	NA	NA	NA	NA	NA	NA	NA	NA	NA	NA	NA	NA	NA	NA	NA	NA
Cpa	NA	NA	NA	NA	NA	NA	NA	NA	NA	NA	NA	NA	NA	NA	NA	NA	NA	NA	NA	NA	NA	NA	NA
Cpaa	NA	NA	NA	NA	NA	NA	NA	NA	NA	NA	NA	NA	NA	NA	NA	NA	NA	NA	NA	NA	NA	NA	NA
Cpaaa	NA	NA	NA	NA	NA	NA	NA	NA	NA	NA	NA	NA	NA	NA	NA	NA	NA	NA	NA	NA	NA	NA	NA
Cpaaaa	330	130.4	133.6	101.8	116.8	113.7	123.1	96.7	122.6	123.9	107.9	188.7	122.2	151.4	123.9	177.1	139.4	142.9	123	200.8	164.9	209.1	198.2
Cpaaap	330	130.4	133.6	101.8	116.8	113.7	123.1	96.7	122.6	123.9	107.9	188.7	122.2	149.7	123.9	177.1	139.4	142.9	123	200.8	164.9	209.1	198.2
Cpaap	NA	NA	NA	NA	NA	NA	NA	NA	NA	NA	NA	NA	NA	NA	NA	NA	NA	NA	NA	NA	NA	NA	NA
Cpaapa	332	135	135.2	98.7	118.6	117.3	129.2	100	127.5	128.6	121	188.7	127.1	153.2	127.7	182	147.8	146	125.5	205.8	170.7	211	207.6
Cpaapp	332	135	135.2	98.7	118.6	117.3	129.2	100	127.5	128.6	121	188.7	127.1	153.2	127.7	182	147.8	146	125.5	205.8	170.7	211	207.6
Cpap	NA	NA	NA	NA	NA	NA	NA	NA	NA	NA	NA	NA	NA	NA	NA	NA	NA	NA	NA	NA	NA	NA	NA
Cpapa	NA	NA	NA	NA	NA	NA	NA	NA	NA	NA	NA	NA	NA	NA	NA	NA	NA	NA	NA	NA	NA	NA	NA
Cpapaa	320	125.5	122.9	94	108.1	102.8	123.1	93.5	116	119.1	103.1	182.9	115.4	153.2	111	168.8	137.7	135.7	116.8	194.1	159.2	202.6	202.9
Cpapap	320	125.5	122.9	94	108.1	102.8	123.1	93.5	116	119.1	103.1	182.9	115.4	153.2	111	168.8	137.7	135.7	116.8	194.1	159.2	202.6	202.9
Cpapp	NA	NA	NA	NA	NA	NA	NA	NA	NA	NA	NA	NA	NA	NA	NA	NA	NA	NA	NA	NA	NA	NA	NA
Cpappd	315	123.9	121.4	95.6	101.1	102.8	116.9	88.6	116	116	106.4	181.4	113.6	151.4	117.5	168.8	132.7	134.2	123	192.4	157.7	204.3	198.2
Cpappv	315	123.9	121.4	95.6	101.1	102.8	116.9	88.6	116	116	106.4	181.4	113.6	151.4	117.5	168.8	132.7	90.4	123	192.4	157.7	204.3	198.2
Cpp	NA	NA	NA	NA	NA	NA	NA	NA	NA	NA	NA	NA	NA	NA	NA	NA	NA	NA	NA	NA	NA	NA	NA
Cppa	NA	NA	NA	NA	NA	NA	NA	NA	NA	NA	NA	NA	NA	NA	NA	NA	NA	NA	NA	NA	NA	NA	NA
Cppaa	NA	NA	NA	NA	NA	NA	NA	NA	NA	NA	NA	NA	NA	NA	NA	NA	NA	NA	NA	NA	NA	NA	NA
Cppaaa	NA	NA	NA	NA	NA	NA	NA	77	NA	NA	NA	NA	NA	NA	NA	NA	NA	NA	NA	NA	NA	NA	NA
Cppaaaa	230	24.6	20.2	4.7	25	11	21.5	NA	14.8	14.3	1.6	83.4	10	43	10.3	54.5	39.2	39.3	21.5	98	60.7	106.7	101.4
Cppaaap	230	24.6	20.2	4.7	25	11	21.5	NA	14.8	14.3	1.6	83.4	10	43	10.3	54.5	39.2	39.3	21.5	98	60.7	106.7	101.4
Cppaap	NA	NA	NA	83.1	NA	92	NA	77	92.8	NA	80.2	NA	88.7	NA	99.1	NA	NA	NA	NA	NA	NA	NA	NA
Cppaapa	220	9.8	13.9	NA	5.3	NA	13.8	NA	NA	7.9	NA	74.2	NA	30.9	NA	51.3	13.5	11.7	3.7	76	41.9	93.7	90.4
Cppaapp	220	9.8	13.9	NA	5.3	NA	13.8	NA	NA	7.9	NA	74.2	NA	30.9	NA	51.3	13.5	23.3	3.7	76	41.9	93.7	90.4
Cppap	NA	NA	NA	NA	NA	NA	NA	NA	NA	NA	NA	NA	NA	NA	NA	NA	NA	NA	NA	NA	NA	NA	NA
Cppapa	NA	NA	NA	79.9	NA	NA	NA	78.7	NA	NA	80.2	NA	NA	NA	NA	NA	NA	NA	NA	NA	NA	NA	NA
Cppapaa	225	22.8	12.3	NA	12.5	NA	16.9	NA	6.5	15.9	NA	83.4	13.3	43	NA	58	30.5	33.5	15.1	82.8	56.3	95.3	87.2
Cppapap	225	22.8	12.3	NA	12.5	NA	16.9	NA	6.5	15.9	NA	83.4	13.3	43	NA	58	30.5	33.5	15.1	82.8	56.3	95.3	87.2
Cppapp	NA	NA	NA	79.9	NA	92	NA	78.7	87.8	NA	80.2	NA	NA	NA	96.4	NA	NA	105.1	100.2	NA	NA	NA	NA
Cppappa	218	3.2	13.9	NA	43	NA	10.7	NA	NA	4.8	NA	68.2	NA	25.8	NA	38	13.5	NA	NA	82.8	46.2	88.7	80.8
Cppappp	218	3.2	13.9	NA	43	NA	10.7	NA	NA	4.8	NA	68.2	NA	25.8	NA	38	13.5	NA	NA	82.8	46.2	88.7	80.8
Cppp	NA	NA	NA	NA	NA	NA	NA	NA	NA	NA	NA	NA	NA	NA	NA	NA	NA	NA	NA	NA	NA	NA	NA
Cpppa	NA	NA	NA	NA	NA	NA	NA	NA	NA	NA	NA	NA	NA	NA	NA	NA	NA	NA	NA	NA	NA	NA	NA
Cpppaa	NA	NA	NA	NA	NA	NA	NA	NA	NA	NA	NA	NA	NA	NA	NA	NA	NA	NA	NA	NA	NA	NA	NA
Cpppaaa	240	42.5	45.1	20.4	35.7	31.3	46.2	16.3	38.1	39.7	21.3	107.5	36.8	75.8	43.1	89.4	59.6	59.8	41.9	111.5	76.7	123.1	115.7
Cpppaap	240	42.5	45.1	20.4	35.7	31.3	46.2	16.3	38.1	39.7	21.3	83.2	36.8	75.8	43.1	89.4	59.6	59.8	41.9	111.5	76.7	123.1	115.7
Cpppap	NA	NA	NA	NA	NA	NA	NA	NA	NA	NA	NA	NA	NA	NA	NA	NA	NA	NA	NA	NA	NA	NA	NA
Cpppapa	230	26.2	37.3	NA	28.6	22.1	37	8.1	26.5	25.5	13.1	90.9	23.5	51.6	23.5	71.1	44.3	51	21.5	98	60.7	114.9	99.9
Cpppapp	230	26.2	37.3	NA	28.6	22.1	37	8.1	26.5	25.5	13.1	90.9	23.5	51.6	23.5	71.1	44.3	51	21.5	98	60.7	114.9	99.9
Cpppp	NA	NA	NA	NA	NA	NA	NA	NA	NA	NA	NA	NA	NA	NA	NA	NA	NA	NA	NA	NA	NA	NA	NA
Cppppa	NA	NA	NA	NA	NA	NA	NA	NA	NA	NA	NA	NA	NA	NA	NA	NA	NA	NA	NA	NA	NA	NA	NA
Cppppaa	230	22.8	24.9	9.4	30.4	31.3	32.3	1.5	29.8	20.7	16.3	87.8	16.8	53.3	10.3	69.6	57.9	40.7	39.3	98	63.5	113.2	103.1
Cppppap	230	22.8	24.9	9.4	30.4	31.3	32.3	1.5	29.8	20.7	16.3	87.8	16.8	53.3	10.3	69.6	57.9	40.7	39.3	98	63.5	113.2	103.1
Cppppp	NA	NA	NA	89.3	NA	NA	NA	NA	NA	NA	91.6	NA	NA	NA	104.3	NA	NA	NA	NA	NA	NA	NA	NA
Cpppppd	220	27.8	15.5	NA	19.6	5.5	21.5	NA	19.9	7.9	NA	72.7	3.2	37.8	NA	64.5	40.7	27.6	20.2	86.2	54.9	96.9	80.8
Cpppppv	220	27.8	15.5	NA	19.6	5.5	21.5	NA	19.9	7.9	NA	72.7	3.2	37.8	NA	64.5	40.7	27.6	20.2	86.2	54.9	96.9	80.8
D	NA	NA	NA	NA	NA	NA	NA	NA	NA	NA	NA	NA	NA	NA	NA	NA	NA	NA	NA	NA	NA	NA	NA
Da	NA	NA	NA	NA	NA	NA	NA	NA	NA	NA	NA	NA	NA	NA	NA	NA	NA	NA	NA	NA	NA	NA	NA
Daa	NA	NA	NA	NA	NA	NA	NA	NA	NA	NA	NA	NA	NA	NA	NA	NA	NA	NA	NA	NA	NA	NA	NA
Daaa	NA	NA	NA	NA	NA	NA	NA	NA	NA	NA	NA	NA	NA	NA	NA	NA	NA	NA	NA	NA	NA	NA	NA
Daaaa	275	65.3	77.9	32.9	62.6	57.1	87.7	34.4	64.6	63.5	50.7	55.8	61.9	63.5	62.7	125.8	81.8	65.6	71.1	148.6	115.9	158.9	136.4
Daaap	275	65.3	77.9	32.9	62.6	57.1	87.7	34.4	64.6	63.5	50.7	55.8	61.9	63.5	62.7	125.8	81.8	75.9	71.1	148.6	115.9	158.9	136.4
Daap	NA	NA	NA	NA	NA	NA	NA	NA	NA	NA	NA	NA	NA	NA	NA	NA	NA	NA	NA	NA	NA	NA	NA
Daapa	275	62.1	71.6	31.3	55.4	53.5	84.6	29.5	58	61.9	45.8	51.3	58.7	60.1	56	119.2	78.4	45.2	64.7	140.2	115.9	150.8	136.4
Daapp	275	62.1	71.6	31.3	55.4	53.5	84.6	29.5	58	61.9	45.8	51.3	58.7	60.1	56	119.2	78.4	52.5	64.7	140.2	115.9	150.8	136.4
Dap	NA	NA	NA	NA	NA	NA	NA	NA	NA	NA	NA	NA	NA	NA	NA	NA	NA	NA	NA	NA	NA	NA	NA
Dapa	NA	NA	NA	NA	NA	NA	NA	NA	NA	NA	NA	NA	NA	NA	NA	NA	NA	NA	NA	NA	NA	NA	NA
Dapaa	280	71.7	79.4	45.5	64.2	70.1	95.4	37.7	72.9	65.2	54	58.9	68.7	65.2	63.8	122.6	80.1	73	87.5	155.4	123.1	155.7	146
Dapap	280	71.7	79.4	45.5	64.2	70.1	95.4	37.7	72.9	65.2	54	58.9	68.7	65.2	63.8	122.6	80.1	93.3	87.5	155.4	123.1	155.7	146
Dapp	NA	NA	NA	NA	NA	NA	NA	NA	NA	NA	NA	NA	NA	NA	NA	NA	NA	NA	NA	NA	NA	NA	NA
Dappa	NA	78.3	85.6	51.7	NA	70.1	NA	39.3	71.2	68.4	57.3	67.9	73.9	68.8	70.5	NA	88.6	86.1	86.3	NA	NA	NA	NA
Dappaa	208	NA	NA	NA	23.3	NA	18.4	NA	NA	NA	NA	NA	NA	NA	NA	44.6	NA	NA	NA	67.6	39	77.3	57.1
Dappap	208	NA	NA	NA	23.3	NA	18.4	NA	NA	NA	NA	NA	NA	NA	NA	44.6	NA	NA	NA	67.6	39	77.3	57.1
Dappp	NA	78.3	85.6	51.7	NA	70.1	NA	39.3	71.2	68.4	57.3	67.9	73.9	68.8	70.5	NA	88.6	48.1	86.3	NA	NA	NA	NA
Dapppa	190	NA	NA	NA	19.7	NA	3.1	NA	NA	NA	NA	NA	NA	NA	NA	23.1	NA	NA	NA	52.4	24.5	72.3	52.3
Dapppp	190	NA	NA	NA	19.7	NA	3.1	NA	NA	NA	NA	NA	NA	NA	NA	23.1	NA	NA	NA	52.4	24.5	72.3	52.3
Dp	NA	NA	NA	NA	NA	NA	NA	NA	NA	NA	NA	NA	NA	NA	NA	NA	NA	NA	NA	NA	NA	NA	NA
Dpa	NA	NA	NA	NA	NA	NA	NA	NA	NA	NA	NA	NA	NA	NA	NA	NA	NA	NA	NA	NA	NA	NA	NA
Dpaa	NA	NA	NA	NA	NA	NA	NA	NA	NA	NA	NA	NA	NA	NA	NA	NA	NA	NA	NA	NA	NA	NA	NA
Dpaaa	277	63.7	76.2	36	50	60.8	87.7	40.9	44.7	58.8	40.8	54.3	63.6	54.9	65.3	120.8	85.2	4.4	72.4	145.3	115.9	152.5	149
Dpaap	277	63.7	76.2	36	50	60.8	87.7	40.9	44.7	58.8	40.8	54.3	63.6	54.9	65.3	120.8	85.2	42.3	72.4	145.3	115.9	152.5	149
Dpap	NA	NA	NA	NA	NA	NA	NA	NA	NA	NA	NA	NA	NA	NA	NA	NA	NA	NA	NA	NA	NA	NA	NA
Dpapa	275	58.8	76.2	26.6	41.1	62.7	83.1	37.7	54.7	60.4	44.2	57.3	51.9	54.9	58.8	120.8	86.9	29.2	64.7	147	110	154	144.3
Dpapp	275	58.8	76.2	26.6	41.1	62.7	83.1	37.7	54.7	60.4	44.2	57.3	51.9	54.9	58.8	120.8	86.9	61.4	64.7	147	110	154	144.3
Dpp	NA	NA	NA	NA	NA	NA	NA	NA	NA	NA	NA	NA	NA	NA	NA	NA	NA	NA	NA	NA	NA	NA	NA
Dppa	NA	NA	NA	NA	NA	NA	NA	NA	NA	NA	NA	NA	NA	NA	NA	NA	NA	NA	NA	NA	NA	NA	NA
Dppaa	285	68.5	79.4	45.5	55.4	70.1	92.3	44.3	61.3	57.2	49.1	60.4	72	61.8	67.9	125.8	78.4	86.2	77.4	150.3	115.9	147.6	152.3
Dppap	285	68.5	79.4	45.5	55.4	70.1	92.3	44.3	61.3	57.2	49.1	60.4	72	61.8	67.9	125.8	78.4	56.9	77.4	150.3	115.9	147.6	152.3
Dppp	NA	NA	NA	NA	NA	NA	NA	NA	NA	NA	NA	NA	NA	NA	NA	NA	NA	NA	NA	NA	NA	NA	NA
Dpppa	NA	75	NA	50.2	NA	71.9	NA	49.2	71.2	70	55.7	61.9	70.3	63.5	74.3	NA	85.2	56.8	78.6	NA	NA	NA	NA
Dpppaa	210	NA	2.9	NA	28.7	NA	1.5	NA	NA	NA	NA	NA	NA	NA	NA	44.6	NA	NA	NA	65.9	31.7	78.9	66.6
Dpppap	210	NA	2.9	NA	28.7	NA	1.5	NA	NA	NA	NA	NA	NA	NA	NA	44.6	NA	NA	NA	65.9	31.7	78.9	66.6
Dpppp	NA	75	87.2	50.2	NA	71.9	93.9	49.2	71.2	70	55.7	61.9	70.3	63.5	74.3	NA	85.2	46.6	78.6	NA	NA	NA	NA
Dppppa	190	NA	NA	NA	1.7	NA	NA	NA	NA	NA	NA	NA	NA	NA	NA	31.4	NA	NA	NA	54	28.9	60.8	58.7
Dppppp	190	NA	NA	NA	1.7	NA	NA	NA	NA	NA	NA	NA	NA	NA	NA	31.4	NA	NA	NA	54	28.9	60.8	58.7
E	NA	NA	NA	NA	NA	NA	NA	NA	NA	NA	NA	NA	NA	NA	NA	NA	NA	NA	NA	NA	NA	NA	NA
EMS	NA	13.2	1.5	4.9	NA	1.8	NA	10.1	3.3	1.6	1.6	1.4	1.7	NA	NA	NA	12.2	NA	8.3	NA	13.2	8.1	1.5
Ea	NA	NA	NA	NA	NA	NA	NA	NA	NA	NA	NA	NA	NA	NA	NA	NA	NA	NA	NA	NA	NA	NA	NA
Eal	NA	NA	NA	NA	NA	NA	NA	NA	NA	NA	NA	NA	NA	NA	NA	NA	NA	NA	NA	NA	NA	NA	NA
Eala	NA	NA	NA	NA	NA	NA	NA	NA	NA	NA	NA	NA	NA	NA	NA	NA	NA	NA	NA	NA	NA	NA	NA
Ealaa	NA	123.9	133.6	100.3	NA	119.1	104.6	103.3	116	117.6	109.6	107.1	117	106.6	109.5	NA	125.9	49.6	118	NA	154.8	NA	NA
Ealaad	190	NA	NA	NA	39.4	NA	NA	NA	NA	NA	NA	NA	NA	NA	NA	29.7	NA	NA	NA	60.8	NA	64.1	58.7
Ealaav	190	NA	NA	NA	39.4	NA	NA	NA	NA	NA	NA	NA	NA	NA	NA	29.7	NA	NA	NA	60.8	NA	64.1	58.7
Ealap	NA	123.9	133.6	100.3	116.8	119.1	104.6	103.3	116	117.6	109.6	107.1	117	106.6	109.5	165.6	125.9	67.1	118	194.1	154.8	197.8	196.6
Ealapa	NA	NA	NA	NA	NA	NA	NA	NA	NA	NA	NA	NA	NA	NA	NA	NA	NA	NA	NA	NA	NA	NA	NA
Ealapp	NA	NA	NA	NA	NA	NA	NA	NA	NA	NA	NA	NA	NA	NA	NA	NA	NA	NA	NA	NA	NA	NA	NA
Ealp	NA	NA	NA	NA	NA	NA	NA	NA	NA	NA	NA	NA	NA	NA	NA	NA	NA	NA	NA	NA	NA	NA	NA
Ealpa	314	122.3	133.6	97.1	115	119.1	101.5	101.6	119.3	109.7	106.4	102.6	112	106.6	109.5	160.5	119.3	64.2	118	189.1	146.3	199.4	198.2
Ealpp	NA	122.3	133.6	97.1	115	119.1	101.5	101.6	119.3	109.7	106.4	102.6	112	106.6	109.5	160.5	119.3	62.7	118	189.1	146.3	199.4	198.2
Ealppa	NA	NA	NA	NA	NA	NA	NA	NA	NA	NA	NA	NA	NA	NA	NA	NA	NA	NA	NA	NA	NA	NA	NA
Ealppp	NA	NA	NA	NA	NA	NA	NA	NA	NA	NA	NA	NA	NA	NA	NA	NA	NA	NA	NA	NA	NA	NA	NA
Ear	NA	NA	NA	NA	NA	NA	NA	NA	NA	NA	NA	NA	NA	NA	NA	NA	NA	NA	NA	NA	NA	NA	NA
Eara	NA	NA	NA	NA	NA	NA	NA	NA	NA	NA	NA	NA	NA	NA	NA	NA	NA	NA	NA	NA	NA	NA	NA
Earaa	NA	120.6	126	92.5	NA	111.9	96.9	101.6	107.7	108.1	103.1	98.1	118.7	99.7	105.6	NA	124.3	33.6	114.2	NA	146.3	NA	NA
Earaad	190	NA	NA	NA	3.5	NA	NA	NA	NA	NA	NA	NA	NA	NA	NA	13.2	NA	NA	NA	57.4	NA	64.1	58.7
Earaav	190	NA	NA	NA	8.9	NA	NA	NA	NA	NA	NA	NA	NA	NA	NA	13.2	NA	NA	NA	57.4	NA	64.1	58.7
Earap	NA	120.6	126	92.5	115	111.9	96.9	101.6	107.7	108.1	103.1	98.1	118.7	99.7	105.6	155.5	124.3	33.6	114.2	187.4	146.3	193	193.4
Earapa	NA	NA	NA	NA	NA	NA	NA	NA	NA	NA	NA	NA	NA	NA	NA	NA	NA	NA	NA	NA	NA	NA	NA
Earapp	NA	NA	NA	NA	NA	NA	NA	NA	NA	NA	NA	NA	NA	NA	NA	NA	NA	NA	NA	NA	NA	NA	NA
Earp	NA	NA	NA	NA	NA	NA	NA	NA	NA	NA	NA	NA	NA	NA	NA	NA	NA	NA	NA	NA	NA	NA	NA
Earpa	314	118.9	124.6	90.9	111.6	111.9	92.3	101.6	104.3	106.4	99.7	101.1	113.6	98	103	153.9	117.6	106.6	112.9	187.4	146.3	188.1	191.9
Earpp	NA	118.9	124.6	90.9	111.6	111.9	92.3	101.6	104.3	106.4	99.7	101.1	113.6	98	103	153.9	117.6	64.2	112.9	187.4	146.3	188.1	191.9
Earppa	NA	NA	NA	NA	NA	NA	NA	NA	NA	NA	NA	NA	NA	NA	NA	NA	NA	NA	NA	NA	NA	NA	NA
Earppp	NA	NA	NA	NA	NA	NA	NA	NA	NA	NA	NA	NA	NA	NA	NA	NA	NA	NA	NA	NA	NA	NA	NA
Ep	NA	NA	NA	NA	NA	NA	NA	NA	NA	NA	NA	NA	NA	NA	NA	NA	NA	NA	NA	NA	NA	NA	NA
Epl	NA	NA	NA	NA	NA	NA	NA	NA	NA	NA	NA	NA	NA	NA	NA	NA	NA	NA	NA	NA	NA	NA	NA
Epla	NA	NA	NA	NA	NA	NA	NA	NA	NA	NA	NA	NA	NA	NA	NA	NA	NA	NA	NA	NA	NA	NA	NA
Eplaa	NA	112.5	124.6	89.3	108.1	106.5	93.8	96.7	111	101.7	96.6	105.6	103.7	99.7	100.4	158.9	115.9	71.6	112.9	184	150.5	194.6	193.4
Eplaaa	NA	NA	NA	NA	NA	NA	NA	NA	NA	NA	NA	NA	NA	NA	NA	NA	NA	NA	NA	NA	NA	NA	NA
Eplaap	NA	NA	NA	NA	NA	NA	NA	NA	NA	NA	NA	NA	NA	NA	NA	NA	NA	NA	NA	NA	NA	NA	NA
Eplap	NA	112.5	124.6	89.3	108.1	106.5	93.8	96.7	111	101.7	96.6	105.6	103.7	99.7	100.4	158.9	115.9	35	112.9	184	150.5	194.6	193.4
Eplapa	NA	NA	NA	NA	NA	NA	NA	NA	NA	NA	NA	NA	NA	NA	NA	NA	NA	NA	NA	NA	NA	NA	NA
Eplapp	NA	NA	NA	NA	NA	NA	NA	NA	NA	NA	NA	NA	NA	NA	NA	NA	NA	NA	NA	NA	NA	NA	NA
Eplp	NA	NA	NA	NA	NA	NA	NA	NA	NA	NA	NA	NA	NA	NA	NA	NA	NA	NA	NA	NA	NA	NA	NA
Eplpa	NA	101.2	118.3	86.1	99.3	101.1	87.7	91.8	102.8	101.7	94.9	99.6	100.5	92.9	97.8	158.9	114.2	61.2	111.6	180.7	139	184.9	185.5
Eplpaa	NA	NA	NA	NA	NA	NA	NA	NA	NA	NA	NA	NA	NA	NA	NA	NA	NA	NA	NA	NA	NA	NA	NA
Eplpap	NA	NA	NA	NA	NA	NA	NA	NA	NA	NA	NA	NA	NA	NA	NA	NA	NA	NA	NA	NA	NA	NA	NA
Eplpp	NA	101.2	118.3	86.1	NA	101.1	87.7	91.8	102.8	101.7	94.9	99.6	100.5	92.9	97.8	NA	114.2	65.6	111.6	NA	139	NA	NA
Eplppa	NA	NA	NA	NA	18	NA	NA	NA	NA	NA	NA	NA	NA	NA	NA	11.5	NA	NA	NA	42.2	NA	54	49.2
Eplppaa	NA	NA	NA	NA	NA	NA	NA	NA	NA	NA	NA	NA	NA	NA	NA	NA	NA	NA	NA	NA	NA	NA	NA
Eplppap	NA	NA	NA	NA	NA	NA	NA	NA	NA	NA	NA	NA	NA	NA	NA	NA	NA	NA	NA	NA	NA	NA	NA
Eplppp	NA	NA	NA	NA	18	NA	NA	NA	NA	NA	NA	NA	NA	NA	NA	11.5	NA	NA	NA	42.2	NA	54	49.2
Eplpppa	NA	NA	NA	NA	NA	NA	NA	NA	NA	NA	NA	NA	NA	NA	NA	NA	NA	NA	NA	NA	NA	NA	NA
Eplpppp	NA	NA	NA	NA	NA	NA	NA	NA	NA	NA	NA	NA	NA	NA	NA	NA	NA	NA	NA	NA	NA	NA	NA
Epr	NA	NA	NA	NA	NA	NA	NA	NA	NA	NA	NA	NA	NA	NA	NA	NA	NA	NA	NA	NA	NA	NA	NA
Epra	NA	NA	NA	NA	NA	NA	NA	NA	NA	NA	NA	NA	NA	NA	NA	NA	NA	NA	NA	NA	NA	NA	NA
Epraa	NA	112.5	119.8	84.6	111.6	102.8	87.7	80.4	102.8	108.1	96.6	101.1	102.1	94.6	103	163.9	117.6	64.1	106.5	184	144.8	188.1	185.5
Epraaa	NA	NA	NA	NA	NA	NA	NA	NA	NA	NA	NA	NA	NA	NA	NA	NA	NA	NA	NA	NA	NA	NA	NA
Epraap	NA	NA	NA	NA	NA	NA	NA	NA	NA	NA	NA	NA	NA	NA	NA	NA	NA	NA	NA	NA	NA	NA	NA
Eprap	NA	112.5	119.8	84.6	111.6	102.8	87.7	80.4	102.8	108.1	96.6	101.1	102.1	94.6	103	163.9	117.6	74.4	106.5	184	144.8	188.1	185.5
Eprapa	NA	NA	NA	NA	NA	NA	NA	NA	NA	NA	NA	NA	NA	NA	NA	NA	NA	NA	NA	NA	NA	NA	NA
Eprapp	NA	NA	NA	NA	NA	NA	NA	NA	NA	NA	NA	NA	NA	NA	NA	NA	NA	NA	NA	NA	NA	NA	NA
Eprp	NA	NA	NA	NA	NA	NA	NA	NA	NA	NA	NA	NA	NA	NA	NA	NA	NA	NA	NA	NA	NA	NA	NA
Eprpa	NA	101.2	115.1	78.4	99.3	90.2	81.5	83.6	97.7	101.7	90	95	97.1	89.4	94	157.3	112.5	65.6	101.6	180.7	140.4	183.3	184
Eprpaa	NA	NA	NA	NA	NA	NA	NA	NA	NA	NA	NA	NA	NA	NA	NA	NA	NA	NA	NA	NA	NA	NA	NA
Eprpap	NA	NA	NA	NA	NA	NA	NA	NA	NA	NA	NA	NA	NA	NA	NA	NA	NA	NA	NA	NA	NA	NA	NA
Eprpp	NA	101.2	115.1	78.4	NA	90.2	81.5	83.6	97.7	101.7	90	95	97.1	89.4	94	NA	112.5	68.5	101.6	NA	140.4	NA	NA
Eprppa	NA	NA	NA	NA	5.3	NA	NA	NA	NA	NA	NA	NA	NA	NA	NA	6.5	NA	NA	NA	27	NA	37.6	36.5
Eprppaa	NA	NA	NA	NA	NA	NA	NA	NA	NA	NA	NA	NA	NA	NA	NA	NA	NA	NA	NA	NA	NA	NA	NA
Eprppap	NA	NA	NA	NA	NA	NA	NA	NA	NA	NA	NA	NA	NA	NA	NA	NA	NA	NA	NA	NA	NA	NA	NA
Eprppp	NA	NA	NA	NA	5.3	NA	NA	NA	NA	NA	NA	NA	NA	NA	NA	6.5	NA	NA	NA	27	NA	37.6	36.5
Eprpppa	NA	NA	NA	NA	NA	NA	NA	NA	NA	NA	NA	NA	NA	NA	NA	NA	NA	NA	NA	NA	NA	NA	NA
Eprpppp	NA	NA	NA	NA	NA	NA	NA	NA	NA	NA	NA	NA	NA	NA	NA	NA	NA	NA	NA	NA	NA	NA	NA
MS	NA	NA	NA	NA	NA	NA	NA	NA	NA	NA	NA	NA	NA	NA	NA	NA	NA	NA	NA	NA	NA	NA	NA
MSa	NA	NA	NA	NA	NA	NA	NA	NA	NA	NA	NA	NA	NA	NA	NA	NA	NA	NA	NA	NA	NA	NA	NA
MSaa	NA	NA	NA	NA	NA	NA	NA	NA	NA	NA	NA	NA	NA	NA	NA	NA	NA	NA	NA	NA	NA	NA	NA
MSaaa	NA	NA	NA	NA	NA	NA	NA	NA	NA	NA	NA	NA	NA	NA	NA	NA	NA	NA	NA	NA	NA	NA	NA
MSaaaa	NA	NA	NA	NA	NA	NA	NA	NA	NA	NA	NA	NA	NA	NA	NA	NA	NA	NA	NA	NA	NA	NA	NA
MSaaaaa	NA	NA	NA	NA	NA	NA	NA	NA	NA	NA	NA	NA	NA	NA	NA	NA	NA	NA	NA	NA	NA	NA	NA
MSaaaaaa	NA	127.2	133.6	105	NA	115.5	107.6	106.6	116	112.8	106.4	119.1	113.6	111.7	125.2	NA	132.7	134.2	123	NA	NA	NA	NA
MSaaaaaal	195	NA	NA	NA	26.9	NA	NA	NA	NA	NA	NA	NA	NA	NA	NA	14.8	NA	NA	NA	48.8	14.5	50.6	55.5
MSaaaaaar	195	NA	NA	NA	26.9	NA	NA	NA	NA	NA	NA	NA	NA	NA	NA	14.8	NA	NA	NA	48.8	14.5	50.6	55.5
MSaaaaap	NA	NA	NA	NA	NA	NA	NA	NA	NA	NA	NA	NA	NA	NA	NA	NA	NA	NA	NA	NA	NA	NA	NA
MSaaaaapa	NA	NA	NA	54.9	67.8	64.5	55.4	57.3	62.9	61.9	55.7	69.4	61.9	61.8	69.2	NA	NA	55.4	73.6	NA	NA	NA	NA
MSaaaaapaa	195	4.7	6	NA	NA	NA	NA	NA	NA	NA	NA	NA	NA	NA	NA	43.1	4.9	NA	NA	67.6	39	85.4	76.1
MSaaaaapap	195	4.7	6	NA	NA	NA	NA	NA	NA	NA	NA	NA	NA	NA	NA	43.1	4.9	NA	NA	67.6	39	85.4	76.1
MSaaaaapp	270	78.3	81	54.9	67.8	64.5	55.4	57.3	62.9	61.9	55.7	69.4	61.9	61.8	69.2	122.6	83.5	86	73.6	148.6	112.9	152.5	153.8
MSaaaap	NA	NA	NA	NA	NA	NA	NA	NA	NA	NA	NA	NA	NA	NA	NA	NA	NA	NA	NA	NA	NA	NA	NA
MSaaaapa	NA	NA	NA	NA	NA	NA	NA	NA	NA	NA	NA	NA	NA	NA	NA	NA	NA	NA	NA	NA	NA	NA	NA
MSaaaapaa	265	60.4	68.4	37.6	51.8	49.8	46.2	45.9	54.7	43	42.5	51.3	53.5	46.4	52.3	101	69.9	49.6	52	131.8	97	134.6	139.6
MSaaaapap	265	60.4	68.4	37.6	51.8	49.8	46.2	45.9	54.7	43	42.5	51.3	53.5	46.4	52.3	101	69.9	68.6	52	131.8	97	134.6	139.6
MSaaaapp	NA	NA	NA	NA	NA	NA	NA	NA	NA	NA	NA	NA	NA	NA	NA	NA	NA	NA	NA	NA	NA	NA	NA
MSaaaappa	50	50.6	49.7	25.1	32.2	42.4	27.6	31.1	34.7	28.6	26.1	40.7	36.8	36.1	34	95.9	47.7	62.6	46.9	74.3	33.2	95.3	34.8
MSaaaappp	250	50.6	49.7	25.1	32.2	42.4	27.6	31.1	34.7	28.6	26.1	40.7	36.8	36.1	34	95.9	47.7	62.6	46.9	121.6	85.3	121.5	128.4
MSaaap	NA	NA	NA	NA	NA	NA	NA	NA	NA	NA	NA	NA	NA	NA	NA	NA	NA	NA	NA	NA	NA	NA	NA
MSaaapa	NA	NA	NA	NA	NA	NA	NA	NA	NA	NA	NA	NA	NA	NA	NA	NA	NA	NA	NA	NA	NA	NA	NA
MSaaapaa	NA	NA	NA	NA	NA	NA	NA	NA	NA	NA	NA	NA	NA	NA	NA	NA	NA	NA	NA	NA	NA	NA	NA
MSaaapaaa	265	68.5	76.2	47	57.2	47.9	52.3	52.4	62.9	58.8	50.7	61.9	58.7	58.4	71.8	114.2	78.4	23.3	60.8	148.6	97	142.6	144.3
MSaaapaap	265	68.5	76.2	47	57.2	47.9	52.3	52.4	62.9	58.8	50.7	61.9	58.7	58.4	71.8	114.2	78.4	49.6	60.8	148.6	97	142.6	144.3
MSaaapap	NA	NA	NA	NA	NA	NA	NA	NA	NA	NA	NA	NA	NA	NA	NA	NA	NA	NA	NA	NA	NA	NA	NA
MSaaapapa	250	57.1	68.4	42.3	46.5	40.5	47.6	47.5	56.3	47.7	45.8	55.8	51.9	46.4	60.1	114.2	68.1	32.1	57.2	136.9	95.5	139.4	141.1
MSaaapapp	250	57.1	68.4	42.3	46.5	40.5	47.6	47.5	56.3	47.7	45.8	55.8	51.9	46.4	60.1	114.2	68.1	30.7	57.2	136.9	95.5	139.4	141.1
MSaaapp	NA	NA	NA	NA	NA	NA	NA	NA	NA	NA	NA	NA	NA	NA	NA	NA	NA	NA	NA	NA	NA	NA	NA
MSaaappa	20	91.3	93.5	65.8	81.8	75.6	69.2	82	72.9	74.7	72	83	75.5	49.8	41.6	34.7	86.9	80.3	57.1	81	69.5	58.7	166.6
MSaaappp	270	91.3	99.5	65.8	81.8	75.6	69.2	82	72.9	74.7	72	83	75.5	74	89.9	135.7	86.9	87.5	87.5	163.8	121.6	162.2	166.6
MSaap	NA	NA	NA	NA	NA	NA	NA	NA	NA	NA	NA	NA	NA	NA	NA	NA	NA	NA	NA	NA	NA	NA	NA
MSaapa	NA	NA	NA	NA	NA	NA	NA	NA	NA	NA	NA	NA	NA	NA	NA	NA	NA	NA	NA	NA	NA	NA	NA
MSaapaa	NA	NA	NA	NA	NA	NA	NA	NA	NA	NA	NA	NA	NA	NA	NA	NA	NA	NA	NA	NA	NA	NA	NA
MSaapaaa	NA	NA	NA	NA	NA	NA	NA	NA	NA	NA	NA	NA	NA	NA	NA	NA	NA	NA	NA	NA	NA	NA	NA
MSaapaaaa	270	68.5	76.2	43.9	60.8	51.6	44.6	34.4	59.7	50.9	42.5	60.4	51.9	51.5	62.7	115.9	71.6	45.2	60.8	138.5	99.9	139.4	144.3
MSaapaaap	270	68.5	76.2	43.9	60.8	51.6	44.6	34.4	59.7	50.9	42.5	60.4	51.9	51.5	62.7	115.9	71.6	42.3	60.8	138.5	99.9	139.4	144.3
MSaapaap	NA	NA	NA	NA	NA	NA	NA	NA	NA	NA	NA	NA	NA	NA	NA	NA	NA	NA	NA	NA	NA	NA	NA
MSaapaapa	NA	73.4	82.5	50.2	64.2	57.1	49.2	42.6	62.9	55.6	50.7	63.4	61.9	58.4	63.8	NA	78.4	45.2	67.2	NA	107.2	NA	NA
MSaapaapaa	168	NA	NA	NA	NA	NA	NA	NA	NA	NA	NA	NA	NA	NA	NA	13.2	NA	NA	NA	25.3	NA	31	34.8
MSaapaapap	28	NA	NA	NA	NA	NA	NA	NA	NA	NA	NA	NA	NA	NA	NA	13.2	NA	NA	NA	25.3	NA	31	34.8
MSaapaapp	268	73.4	82.5	50.2	64.2	57.1	49.2	42.6	62.9	55.6	50.7	63.4	61.9	58.4	63.8	124.2	78.4	67.2	67.2	143.6	107.2	147.6	150.7
MSaapap	NA	NA	NA	NA	NA	NA	NA	NA	NA	NA	NA	NA	NA	NA	NA	NA	NA	NA	NA	NA	NA	NA	NA
MSaapapa	NA	115.8	126	95.6	NA	108.3	100	91.8	109.4	103.2	94.9	110.1	103.7	103.2	109.5	NA	NA	NA	115.5	NA	NA	NA	NA
MSaapapaa	195	NA	NA	NA	10.7	NA	NA	NA	NA	NA	NA	NA	NA	NA	NA	43.1	NA	5.7	NA	76	33.2	64.1	77.7
MSaapapap	35	NA	NA	NA	14.3	NA	NA	NA	NA	NA	NA	NA	NA	NA	NA	43.1	NA	5.7	NA	76	33.2	64.1	25.3
MSaapapp	NA	NA	NA	NA	NA	NA	NA	NA	NA	NA	NA	NA	NA	NA	NA	NA	NA	NA	NA	NA	NA	NA	NA
MSaapappa	260	50.6	60.7	31.3	48.3	40.5	33.8	24.6	46.4	35	34.3	48.3	36.8	39.5	39.2	97.6	56.2	68.5	52	125	82.5	126.4	130.1
MSaapappp	260	50.6	60.7	31.3	48.3	40.5	33.8	24.6	46.4	35	34.3	48.3	36.8	39.5	39.2	97.6	56.2	32	52	125	82.5	126.4	130.1
MSaapp	NA	NA	NA	NA	NA	NA	NA	NA	NA	NA	NA	NA	NA	NA	NA	NA	NA	NA	NA	NA	NA	NA	NA
MSaappa	NA	NA	NA	NA	NA	NA	NA	NA	NA	NA	NA	NA	NA	NA	NA	NA	NA	NA	NA	NA	NA	NA	NA
MSaappaa	260	75	81	48.6	60.8	60.8	46.2	54.1	64.6	54	47.5	66.4	51.9	63.5	61.4	115.9	80.1	74.5	77.4	143.6	107.2	147.6	153.8
MSaappap	260	75	81	48.6	60.8	60.8	46.2	54.1	64.6	54	47.5	66.4	51.9	63.5	61.4	115.9	80.1	27.8	77.4	143.6	107.2	147.6	153.8
MSaappp	NA	NA	NA	NA	NA	NA	NA	NA	NA	NA	NA	NA	NA	NA	NA	NA	NA	NA	NA	NA	NA	NA	NA
MSaapppa	NA	NA	NA	62.7	NA	77.4	47.6	63.9	68	66.8	63.8	70.9	70.3	70.5	70.5	NA	83.5	40.8	81.2	NA	NA	NA	NA
MSaapppaa	210	NA	12.3	NA	32.3	NA	NA	NA	NA	NA	NA	NA	NA	NA	NA	38	NA	NA	NA	64.2	37.6	67.5	65.1
MSaapppap	210	NA	12.3	NA	16.1	NA	NA	NA	NA	NA	NA	NA	NA	NA	NA	38	NA	NA	NA	64.2	37.6	67.5	65.1
MSaapppp	NA	86.4	91.8	62.7	NA	77.4	47.6	63.9	68	66.8	63.8	70.9	70.3	70.5	70.5	NA	83.5	96.2	81.2	NA	NA	NA	NA
MSaappppa	185	NA	NA	NA	12.6	NA	NA	NA	NA	NA	NA	NA	NA	NA	NA	13.2	NA	NA	NA	45.6	4.3	37.6	50.7
MSaappppp	185	NA	NA	NA	12.6	NA	NA	NA	NA	NA	NA	NA	NA	NA	NA	13.2	NA	NA	NA	45.6	4.3	37.6	50.7
MSap	NA	NA	NA	NA	NA	NA	NA	NA	NA	NA	NA	NA	NA	NA	NA	NA	NA	NA	NA	NA	NA	NA	NA
MSapa	NA	NA	NA	NA	NA	NA	NA	NA	NA	NA	NA	NA	NA	NA	NA	NA	NA	NA	NA	NA	NA	NA	NA
MSapaa	NA	NA	NA	NA	NA	NA	NA	NA	NA	NA	NA	NA	NA	NA	NA	NA	NA	NA	NA	NA	NA	NA	NA
MSapaaa	NA	NA	NA	NA	NA	NA	NA	NA	NA	NA	NA	NA	NA	NA	NA	NA	NA	NA	NA	NA	NA	NA	NA
MSapaaaa	NA	106	112.1	84.6	NA	97.4	90.7	90.2	99.4	96.9	90	104.2	97.1	94.6	105.6	150.6	115.9	118.1	107.8	NA	146.3	NA	NA
MSapaaaad	195	NA	NA	NA	NA	NA	NA	NA	NA	NA	NA	NA	NA	NA	NA	NA	NA	NA	NA	33.8	NA	47.4	50.7
MSapaaaav	195	NA	NA	NA	14.4	NA	NA	NA	NA	NA	NA	NA	NA	NA	NA	NA	NA	NA	NA	33.8	NA	47.4	50.7
MSapaaap	310	106	112.1	84.6	95.7	97.4	90.7	90.2	99.4	96.9	90	104.2	97.1	94.6	105.6	150.6	71.6	118.1	107.8	177.3	146.3	183.3	182.3
MSapaap	NA	NA	NA	NA	NA	NA	NA	NA	NA	NA	NA	NA	NA	NA	NA	NA	NA	NA	NA	NA	NA	NA	NA
MSapaapa	35	63.5	70.1	64.3	80.1	51.6	56.9	67.2	69.7	76.3	68.7	79.9	70.3	63.5	64	67.9	88.6	58.3	65.9	55.8	46.4	73.4	34.9
MSapaapp	290	79.9	88.7	72.1	80.1	77.4	63.1	67.2	77.9	76.3	68.7	79.9	77.1	72.2	87.5	129.1	88.6	39.4	87.5	155.4	123.1	157.3	160.2
MSapap	NA	NA	NA	NA	NA	NA	NA	NA	NA	NA	NA	NA	NA	NA	NA	NA	NA	NA	NA	NA	NA	NA	NA
MSapapa	NA	NA	NA	NA	NA	NA	NA	NA	NA	NA	NA	NA	NA	NA	NA	NA	NA	NA	NA	NA	NA	NA	NA
MSapapaa	NA	104.3	118.3	83.1	99.3	95.7	90.7	86.9	102.8	98.5	90	104.2	100.5	94.6	99.1	153.9	114.2	119.6	99	180.7	144.8	188.1	179.2
MSapapaaa	110	NA	NA	NA	NA	NA	NA	NA	NA	NA	NA	NA	NA	NA	NA	NA	NA	NA	NA	NA	NA	NA	NA
MSapapaap	110	NA	NA	NA	NA	NA	NA	NA	NA	NA	NA	NA	NA	NA	NA	NA	NA	NA	NA	NA	NA	NA	NA
MSapapap	310	104.3	118.3	83.1	99.3	95.7	90.7	86.9	102.8	98.5	90	104.2	100.5	94.6	99.1	153.9	114.2	49.6	99	180.7	144.8	188.1	179.2
MSapapp	NA	NA	NA	NA	NA	NA	NA	NA	NA	NA	NA	NA	NA	NA	NA	NA	NA	NA	NA	NA	NA	NA	NA
MSapappa	300	97.9	105.8	72.1	88.8	88.4	75.3	77	92.8	87.5	83.5	92	93.8	82.5	94	145.6	104	65.7	92.6	170.6	139	175.1	169.6
MSapappp	300	97.9	105.8	72.1	88.8	88.4	75.3	77	92.8	87.5	83.5	92	93.8	82.5	94	147.3	104	106.5	92.6	170.6	139	175.1	169.6
MSapp	NA	NA	NA	NA	NA	NA	NA	NA	NA	NA	NA	NA	NA	NA	NA	NA	NA	NA	NA	NA	NA	NA	NA
MSappa	NA	NA	NA	NA	NA	NA	NA	NA	NA	NA	NA	NA	NA	NA	NA	NA	NA	NA	NA	NA	NA	NA	NA
MSappaa	NA	NA	NA	NA	NA	NA	NA	NA	NA	NA	NA	NA	NA	NA	NA	NA	NA	NA	NA	NA	NA	NA	NA
MSappaaa	290	81.6	91.8	58	73.1	73.8	63.1	65.6	77.9	70	67.2	79.9	73.9	68.8	84.9	127.5	88.6	94.9	87.5	162.1	121.6	160.5	160.2
MSappaap	290	81.6	91.8	58	73.1	73.8	63.1	65.6	77.9	70	67.2	79.9	73.9	68.8	84.9	127.5	88.6	94.9	87.5	162.1	121.6	160.5	160.2
MSappap	NA	NA	NA	NA	NA	NA	NA	NA	NA	NA	NA	NA	NA	NA	NA	NA	NA	NA	NA	NA	NA	NA	NA
MSappapa	30	73.4	60.6	50.2	60.7	66.4	53.8	59	58	61.9	59	69.4	63.6	3.3	27.2	109.3	51.1	46.6	54.6	54	94.1	71.9	26.9
MSappapp	280	73.4	84	50.2	66	66.4	53.8	59	71.2	61.9	59	77	63.6	51.5	73	109.3	69.9	68.5	69.8	141.9	118.7	149.2	150.7
MSappp	NA	NA	NA	NA	NA	NA	NA	NA	NA	NA	NA	NA	NA	NA	NA	NA	NA	NA	NA	NA	NA	NA	NA
MSapppa	NA	NA	NA	NA	NA	NA	NA	NA	NA	NA	NA	NA	NA	NA	NA	NA	NA	NA	NA	NA	NA	NA	NA
MSapppaa	290	86.4	93.5	56.4	76.5	79.3	58.4	52.4	79.5	76.3	70.4	83	80.4	74	91.4	134.2	97.1	97.7	83.8	163.8	121.6	163.8	161.7
MSapppap	290	86.4	93.5	56.4	76.5	79.3	58.4	52.4	79.5	76.3	70.4	83	80.4	74	91.4	134.2	97.1	97.7	83.8	163.8	121.6	163.8	161.7
MSapppp	NA	NA	NA	NA	NA	NA	NA	NA	NA	NA	NA	NA	NA	NA	NA	NA	NA	NA	NA	NA	NA	NA	NA
MSappppa	290	75	87.2	45.5	71.3	68.2	52.3	54.1	74.6	73.1	65.5	75.5	75.5	70.5	82.1	132.5	92	96.2	81.2	160.4	121.6	160.5	160.2
MSappppp	290	75	87.2	45.5	71.3	68.2	52.3	54.1	74.6	73.1	65.5	75.5	75.5	70.5	82.1	132.5	92	96.2	81.2	160.4	121.6	160.5	160.2
MSp	NA	NA	NA	NA	NA	NA	NA	NA	NA	NA	NA	NA	NA	NA	NA	NA	NA	NA	NA	NA	NA	NA	NA
MSpa	NA	NA	NA	NA	NA	NA	NA	NA	NA	NA	NA	NA	NA	NA	NA	NA	NA	NA	NA	NA	NA	NA	NA
MSpaa	NA	NA	NA	NA	NA	NA	NA	NA	NA	NA	NA	NA	NA	NA	NA	NA	NA	NA	NA	NA	NA	NA	NA
MSpaaa	NA	NA	NA	NA	NA	NA	NA	NA	NA	NA	NA	NA	NA	NA	NA	NA	NA	NA	NA	NA	NA	NA	NA
MSpaaaa	NA	NA	NA	NA	NA	NA	NA	NA	NA	NA	NA	NA	NA	NA	NA	NA	NA	NA	NA	NA	NA	NA	NA
MSpaaaaa	NA	NA	NA	105	NA	NA	NA	NA	NA	NA	NA	NA	NA	NA	NA	NA	NA	NA	NA	NA	NA	NA	NA
MSpaaaaaa	220	30.9	32.6	NA	17.8	9.2	12.3	3.2	16.5	12.7	1.6	22.6	20	15.5	19.6	59.7	37.5	23.4	29.2	101.4	65	110	111
MSpaaaaap	40	30.9	32.6	NA	17.8	9.2	12.3	3.2	16.5	12.7	1.6	22.6	20	15.5	19.6	59.7	20.4	37.9	29.2	101.4	49.1	62.5	26.9
MSpaaaap	NA	NA	NA	NA	NA	NA	NA	NA	NA	NA	NA	NA	NA	NA	NA	NA	NA	NA	NA	NA	NA	NA	NA
MSpaaaapa	260	70.1	79.4	50.2	62.6	57.1	50.8	45.9	62.9	54	50.7	63.4	51.9	56.6	62.7	117.6	76.7	37.9	60.8	140.2	102.8	147.6	149
MSpaaaapp	260	70.1	79.4	50.2	62.6	57.1	50.8	45.9	62.9	54	50.7	63.4	51.9	56.6	62.7	117.6	76.7	58.4	60.8	140.2	102.8	147.6	149
MSpaaap	NA	NA	NA	NA	NA	NA	NA	NA	NA	NA	NA	NA	NA	NA	NA	NA	NA	NA	NA	NA	NA	NA	NA
MSpaaapa	NA	NA	NA	NA	NA	NA	NA	NA	NA	NA	NA	NA	NA	NA	NA	NA	NA	NA	NA	NA	NA	NA	NA
MSpaaapaa	230	34.3	42	18.8	30.4	33.2	16.9	14.7	26.5	23.9	18	30.1	21.7	17.2	28.6	76.1	42.6	36.5	40.6	108.1	73.7	113.2	114.2
MSpaaapap	230	34.3	42	18.8	30.4	33.2	16.9	14.7	26.5	23.9	18	30.1	21.7	17.2	28.6	76.1	42.6	46.6	40.6	108.1	73.7	113.2	114.2
MSpaaapp	NA	NA	NA	NA	NA	NA	NA	NA	NA	NA	NA	NA	NA	NA	NA	NA	NA	NA	NA	NA	NA	NA	NA
MSpaaappa	250	67	76.2	47	59	60.8	46.2	44.3	59.7	54	42.5	58.9	50.3	49.8	60.1	112.5	68.1	78.7	60.8	136.9	104.3	144.3	146
MSpaaappp	250	67	76.2	47	59	60.8	46.2	44.3	59.7	54	42.5	58.9	50.3	49.8	60.1	112.5	68.1	39.4	60.8	136.9	104.3	144.3	146
MSpaap	NA	NA	NA	NA	NA	NA	NA	NA	NA	NA	NA	NA	NA	NA	NA	NA	NA	NA	NA	NA	NA	NA	NA
MSpaapa	NA	NA	NA	NA	NA	NA	NA	NA	NA	NA	NA	NA	NA	NA	NA	NA	NA	NA	NA	NA	NA	NA	NA
MSpaapaa	NA	NA	NA	NA	NA	NA	NA	NA	NA	NA	NA	NA	NA	NA	NA	NA	NA	NA	NA	NA	NA	NA	NA
MSpaapaaa	225	26.2	32.6	7.8	12.5	18.4	13.8	19.6	24.8	22.3	9.8	25.7	18.4	13.7	11.6	76.1	34	29.2	12.7	104.7	56.3	103.4	111
MSpaapaap	45	26.2	32.6	7.8	12.5	18.4	13.8	19.6	24.8	22.3	9.8	25.7	18.4	13.7	11.6	76.1	34	32	12.7	77.7	56.3	103.4	65.1
MSpaapap	NA	NA	NA	NA	NA	NA	NA	NA	NA	NA	NA	NA	NA	NA	NA	NA	NA	NA	NA	NA	NA	NA	NA
MSpaapapa	245	50.6	65.4	34.5	48.3	46.1	40	37.7	53	47.7	32.7	51.3	43.5	41.3	48.3	101	63	23.2	49.4	128.4	91.2	131.3	139.6
MSpaapapp	245	50.6	65.4	34.5	48.3	46.1	40	37.7	53	47.7	19.5	51.3	43.5	41.3	48.3	101	63	24.6	49.4	128.4	91.2	131.3	139.6
MSpaapp	35	134.7	112.7	136.2	146.4	135	56.9	144.3	122.4	149.2	111.1	106.3	150.3	20.3	87.2	98.7	132.4	97.5	82.4	76.9	38.8	79.5	47.8
MSpap	NA	NA	NA	NA	NA	NA	NA	NA	NA	NA	NA	NA	NA	NA	NA	NA	NA	NA	NA	NA	NA	NA	NA
MSpapa	NA	NA	NA	NA	NA	NA	NA	NA	NA	NA	NA	NA	NA	NA	NA	NA	NA	NA	NA	NA	NA	NA	NA
MSpapaa	NA	NA	NA	NA	NA	NA	NA	NA	NA	NA	NA	NA	NA	NA	NA	NA	NA	NA	NA	NA	NA	NA	NA
MSpapaaa	NA	NA	NA	NA	NA	NA	NA	NA	NA	NA	NA	NA	NA	NA	NA	NA	NA	NA	NA	NA	NA	NA	NA
MSpapaaaa	270	65.3	74.7	42.3	57.2	55.3	46.2	36	58	50.9	37.6	61.9	51.9	49.8	60.1	107.7	69.9	71.4	59.7	143.6	98.5	137.8	142.8
MSpapaaap	270	65.3	74.7	42.3	57.2	55.3	46.2	36	58	50.9	37.6	61.9	51.9	49.8	60.1	107.7	69.9	71.4	59.7	143.6	98.5	137.8	142.8
MSpapaap	NA	NA	NA	NA	NA	NA	NA	NA	NA	NA	NA	NA	NA	NA	NA	NA	NA	NA	NA	NA	NA	NA	NA
MSpapaapa	NA	71.7	81	48.6	105.6	59	52.3	45.9	61.3	58.8	44.3	60.4	57	56.6	66.6	114.2	76.7	77.3	67.2	NA	105.7	NA	NA
MSpapaapaa	165	NA	NA	NA	NA	NA	NA	NA	NA	NA	NA	NA	NA	NA	NA	NA	NA	NA	NA	37	NA	21.1	33.3
MSpapaapap	25	NA	NA	NA	NA	NA	NA	NA	NA	NA	NA	NA	NA	NA	NA	NA	NA	NA	NA	37	NA	21.1	33.3
MSpapaapp	275	71.7	81	48.6	60.8	59	52.3	45.9	61.3	58.8	49.1	60.4	57	56.6	66.6	114.2	76.7	30.6	67.2	148.6	105.7	145.9	147.5
MSpapap	NA	NA	NA	NA	NA	NA	NA	NA	NA	NA	NA	NA	NA	NA	NA	NA	NA	NA	NA	NA	NA	NA	NA
MSpapapa	NA	NA	NA	94	NA	108.3	98.4	NA	NA	108.1	91.6	NA	105.4	101.5	111	NA	NA	55.5	116.8	NA	NA	NA	NA
MSpapapaa	195	6.4	17.1	NA	26.9	NA	NA	3.2	NA	NA	NA	NA	NA	NA	NA	47.9	8.5	NA	NA	72.6	28.9	82.1	79.3
MSpapapap	35	6.4	17.1	NA	25.1	NA	NA	3.2	NA	NA	NA	NA	NA	NA	NA	47.9	8.5	NA	NA	35.5	28.9	31.5	26.9
MSpapapp	NA	NA	NA	NA	NA	NA	NA	NA	NA	NA	NA	NA	NA	NA	NA	NA	NA	NA	NA	NA	NA	NA	NA
MSpapappa	260	52.2	62.3	32.9	48.3	44.2	33.8	27.8	46.4	44.5	21.3	48.3	41.9	41.3	40.5	104.3	56.2	23.3	53.3	121.6	85.3	128.1	125.2
MSpapappp	260	52.2	62.3	32.9	48.3	44.2	33.8	27.8	46.4	44.5	21.3	48.3	41.9	41.3	40.5	104.3	56.2	59.8	53.3	121.6	85.3	128.1	125.2
MSpapp	NA	NA	NA	NA	NA	NA	NA	NA	NA	NA	NA	NA	NA	NA	NA	NA	NA	NA	NA	NA	NA	NA	NA
MSpappa	NA	NA	NA	NA	NA	NA	NA	NA	NA	NA	NA	NA	NA	NA	NA	NA	NA	NA	NA	NA	NA	NA	NA
MSpappaa	280	65.3	76.2	45.5	62.6	59	44.6	45.9	61.3	58.8	52.3	61.9	58.7	53.2	65.3	105.9	71.6	83.2	60.8	147	102.8	139.4	146
MSpappap	280	65.3	76.2	45.5	62.6	59	44.6	45.9	61.3	58.8	52.3	61.9	58.7	53.2	65.3	105.9	71.6	46.6	60.8	147	102.8	139.4	146
MSpappp	NA	NA	NA	NA	NA	NA	NA	NA	NA	NA	NA	NA	NA	NA	NA	NA	NA	NA	NA	NA	NA	NA	NA
MSpapppa	NA	84.9	NA	75.2	NA	75.6	58.4	59	NA	74.7	62.2	69.4	67.1	75.7	80.8	NA	NA	87.5	79.9	NA	NA	NA	NA
MSpapppaa	205	NA	7.7	NA	28.7	NA	NA	NA	NA	NA	NA	NA	NA	NA	NA	43.1	6.6	NA	NA	69.3	28.9	78.9	79.3
MSpapppap	205	NA	7.7	NA	28.7	NA	NA	NA	NA	NA	NA	NA	NA	NA	NA	43.1	6.6	NA	NA	69.3	28.9	78.9	79.3
MSpapppp	NA	84.9	91.8	75.2	NA	23.9	58.4	59	86.2	74.7	62.2	69.4	67.1	75.7	80.8	NA	93.7	83.3	79.9	NA	NA	NA	NA
MSpappppa	190	NA	NA	NA	16.2	NA	NA	NA	NA	NA	NA	NA	NA	NA	NA	24.8	NA	NA	NA	48.8	8.6	64.1	61.8
MSpappppp	190	NA	NA	NA	16.2	NA	NA	NA	NA	NA	NA	NA	NA	NA	NA	24.8	NA	NA	NA	48.8	8.6	64.1	61.8
MSpp	NA	NA	NA	NA	NA	NA	NA	NA	NA	NA	NA	NA	NA	NA	NA	NA	NA	NA	NA	NA	NA	NA	NA
MSppa	NA	NA	NA	NA	NA	NA	NA	NA	NA	NA	NA	NA	NA	NA	NA	NA	NA	NA	NA	NA	NA	NA	NA
MSppaa	NA	NA	NA	NA	NA	NA	NA	NA	NA	NA	NA	NA	NA	NA	NA	NA	NA	NA	NA	NA	NA	NA	NA
MSppaaa	NA	NA	NA	NA	NA	NA	NA	NA	NA	NA	NA	NA	NA	NA	NA	NA	NA	NA	NA	NA	NA	NA	NA
MSppaaaa	NA	106	115.1	87.8	NA	97.4	87.7	90.2	101.1	100.1	90	104.2	95.4	92.9	106.9	NA	119.3	110.9	104.1	NA	NA	NA	NA
MSppaaaad	185	NA	NA	NA	9	NA	NA	NA	NA	NA	NA	NA	NA	NA	NA	9.9	NA	NA	NA	50.7	14.5	59.1	61.8
MSppaaaav	185	NA	NA	NA	9	NA	NA	NA	NA	NA	NA	NA	NA	NA	NA	9.9	NA	NA	NA	50.7	14.5	59.1	61.8
MSppaaap	310	106	115.1	87.8	95.7	97.4	87.7	90.2	101.1	100.1	90	104.2	95.4	92.9	106.9	153.9	119.3	121	104.1	182.3	144.8	188.1	184
MSppaap	NA	NA	NA	NA	NA	NA	NA	NA	NA	NA	NA	NA	NA	NA	NA	NA	NA	NA	NA	NA	NA	NA	NA
MSppaapa	30	84.9	91.8	64.3	69.5	77.4	55.4	70.5	76.3	68.4	68.7	83	75.5	65.2	31.2	130.7	86.9	96.2	54.5	70.9	43.4	86.4	33.3
MSppaapp	290	84.9	91.8	64.3	69.5	77.4	55.4	70.5	76.3	68.4	68.7	83	75.5	65.2	82.1	130.7	95.4	23.3	86.3	152	118.7	162.2	153.8
MSppap	NA	NA	NA	NA	NA	NA	NA	NA	NA	NA	NA	NA	NA	NA	NA	NA	NA	NA	NA	NA	NA	NA	NA
MSppapa	NA	NA	NA	NA	NA	NA	NA	NA	NA	NA	NA	NA	NA	NA	NA	NA	NA	NA	NA	NA	NA	NA	NA
MSppapaa	NA	107.6	116.7	84.6	99.3	92	86.1	88.6	99.4	101.7	91.6	105.6	97.1	94.6	103	150.6	114.2	121	105.2	184	149.1	186.5	184
MSppapaaa	110	NA	NA	NA	NA	NA	NA	NA	NA	NA	NA	NA	NA	NA	NA	NA	NA	NA	NA	NA	NA	NA	NA
MSppapaap	110	NA	NA	NA	NA	NA	NA	NA	NA	NA	NA	NA	NA	NA	NA	NA	NA	NA	NA	NA	NA	NA	NA
MSppapap	310	107.6	116.7	84.6	99.3	92	86.1	88.6	99.4	101.7	91.6	105.6	97.1	94.6	103	150.6	114.2	113.8	105.2	184	149.1	186.5	184
MSppapp	NA	NA	NA	NA	NA	NA	NA	NA	NA	NA	NA	NA	NA	NA	NA	NA	NA	NA	NA	NA	NA	NA	NA
MSppappa	300	101.2	110.6	76.8	90.6	81.1	76.9	75.5	92.8	90.6	81.9	96.6	83.9	86	94	143.9	104	110.9	91.3	170.6	136.1	176.7	171.3
MSppappp	300	101.2	110.6	76.8	90.6	81.1	76.9	75.5	92.8	90.6	81.9	96.6	83.9	86	94	143.9	104	110.9	91.3	170.6	136.1	176.7	171.3
MSppp	NA	NA	NA	NA	NA	NA	NA	NA	NA	NA	NA	NA	NA	NA	NA	NA	NA	NA	NA	NA	NA	NA	NA
MSpppa	NA	NA	NA	NA	NA	NA	NA	NA	NA	NA	NA	NA	NA	NA	NA	NA	NA	NA	NA	NA	NA	NA	NA
MSpppaa	NA	NA	NA	NA	NA	NA	NA	NA	NA	NA	NA	NA	NA	NA	NA	NA	NA	NA	NA	NA	NA	NA	NA
MSpppaaa	NA	91.3	102.7	70.5	73.1	75.6	63.1	60.7	76.3	77.9	70.4	83	73.9	68.8	84.9	120.8	93.7	93.4	81.2	158.7	127.4	167	157
MSpppaap	287	91.3	102.7	70.5	73.1	75.6	63.1	60.7	76.3	77.9	70.4	83	73.9	68.8	84.9	120.8	93.7	78.8	81.2	158.7	127.4	167	157
MSpppap	NA	NA	NA	NA	NA	NA	NA	NA	NA	NA	NA	NA	NA	NA	NA	NA	NA	NA	NA	NA	NA	NA	NA
MSpppapa	26	75	70.1	59.6	66	66.4	52.3	54.1	71.2	71.5	60.5	75.5	60.3	30.8	47	76.1	42.6	71.6	35.5	30.4	26	68.4	28.6
MSpppapp	280	75	91.8	59.6	66	66.4	52.3	54.1	71.2	71.5	60.5	75.5	60.3	63.5	76.9	125.8	88.6	56.9	77.4	152	118.7	NA	152.3
MSpppappa	NA	NA	NA	NA	NA	NA	NA	NA	NA	NA	NA	NA	NA	NA	NA	NA	NA	NA	NA	NA	NA	NA	NA
MSpppappp	NA	NA	NA	NA	NA	NA	NA	NA	NA	NA	NA	NA	NA	NA	NA	NA	NA	NA	NA	NA	NA	NA	NA
MSpppp	NA	NA	NA	NA	NA	NA	NA	NA	NA	NA	NA	NA	NA	NA	NA	NA	NA	NA	NA	NA	NA	NA	NA
MSppppa	NA	NA	NA	NA	NA	NA	NA	NA	NA	NA	NA	NA	NA	NA	NA	NA	NA	NA	NA	NA	NA	NA	NA
MSppppaa	290	86.4	99.5	67.4	76.5	70.1	60	65.6	82.9	77.9	75.3	78.4	70.3	67.1	80.8	132.5	95.4	96.2	81.2	157	123.1	165.4	157
MSppppap	290	86.4	99.5	67.4	76.5	70.1	60	65.6	82.9	77.9	75.3	78.4	70.3	67.1	80.8	132.5	95.4	96.2	81.2	157	123.1	165.4	157
MSppppp	NA	NA	NA	NA	NA	NA	NA	NA	NA	NA	NA	NA	NA	NA	NA	NA	NA	NA	NA	NA	NA	NA	NA
MSpppppa	290	81.6	98.1	64.3	76.5	66.4	53.8	54.1	76.3	70	65.5	77	67.1	54.9	76.9	124.2	90.3	90.4	79.9	153.7	117.4	160.5	152.3
MSpppppp	290	81.6	98.1	64.3	76.5	66.4	53.8	54.1	76.3	70	65.5	77	67.1	54.9	76.9	124.2	90.3	90.4	79.9	153.7	117.4	160.5	152.3
P	NA	NA	NA	NA	NA	NA	NA	NA	NA	NA	NA	NA	NA	NA	NA	NA	NA	NA	NA	NA	NA	NA	NA
P0	NA	NA	NA	NA	NA	NA	NA	NA	NA	NA	NA	NA	NA	NA	NA	NA	NA	NA	NA	NA	NA	NA	NA
P1	15	NA	NA	NA	NA	NA	9.5	NA	NA	NA	NA	NA	NA	6.7	4	NA	NA	6	NA	10.2	NA	NA	NA
P2	NA	18.2	1.5	9.9	NA	3.6	NA	13.5	5	1.6	1.6	1.4	1.7	NA	NA	NA	15.8	NA	12.4	NA	16.3	11.4	4.8
P3	NA	NA	NA	NA	10.7	NA	NA	NA	NA	NA	NA	NA	NA	NA	NA	NA	NA	NA	NA	NA	NA	NA	NA
P4	NA	NA	NA	NA	NA	NA	NA	NA	NA	NA	NA	NA	NA	NA	NA	NA	NA	NA	NA	NA	NA	NA	NA
Z2	407	194.3	196.1	181.4	195	202.5	179.8	178.7	196.8	191.9	184.9	198.9	196.7	191.1	201.9	255.9	222.7	92.2	142.3	284.3	241.2	289	288.8
Z3	407	194.3	196.1	181.4	195	202.5	179.8	178.7	196.8	191.9	184.9	198.9	196.7	191.1	201.9	255.9	222.7	95.1	144.8	284.3	241.2	289	288.8
